0.059780985,0.0078125,0
0.06600874,0.009014423,0
0.077315503,0.007990057,0
0.151228092,0.201497396,0
0.135120387,0.7128125,0
0.132786407,0.298221983,0
0.15076233,0.479619565,0
0.160514332,0.301339286,0
0.142239417,0.336476293,0
0.134328777,0.340364583,0
0.157020511,0.460227273,0
0.138550521,0.24609375,0
0.137342742,0.481670673,0
0.181225459,1.277113971,0
0.183115281,1.245738636,0
0.174272105,1.621299342,0
0.190846298,1.434114583,0
0.171246971,0.106279481,0
0.168345946,0.1465625,0
0.173631376,0.193044355,0
0.172754287,0.235877404,0
0.181015394,0.20984375,0
0.163535853,0.059621711,0
0.170212798,0.1015625,0
0.160422477,0.206756162,0
0.164699838,0.143353175,0
0.169578801,0.1484375,0
0.169021004,0.3353125,0
0.167340239,0.298677885,0
0.180527821,0.234863281,0
0.153039048,0.2615625,0
0.166659499,0.274502841,0
0.175659429,0.2578125,0
0.174825733,0.799005682,0
0.174064614,0.244944853,0
0.159530491,0.372869318,0
0.167648361,0.239583333,0
0.172436386,0.2609375,0
0.162981116,0.187890625,0
0.170209848,0.328464674,0
0.171400807,0.313657407,0
0.146886154,0.346768466,0
0.166763785,0.41953125,0
0.153691861,0.607610887,0
0.168011339,0.204152961,0
0.148281383,0.715745192,0
0.158595955,0.264128989,0
0.163643182,0.162642045,0
0.158656925,0.467797256,0
0.13789282,0.505859375,0
0.142715585,0.853298611,0
0.135052914,0.6153125,0
0.14146076,0.896282328,0
0.141280115,0.9746875,0
0.153851203,0.628700658,0
0.145640705,0.920479911,0
0.144858407,0.791666667,0
0.121683363,0.583417339,0
0.135649932,1.10875,0
0.100399417,1.086759868,0
0.125087547,0.560032895,0
0.143486162,1.116666667,0
0.14319683,0.652777778,0
0.145532381,0.706341912,0
0.162065429,0.599144345,0
0.142961233,0.410546875,0
0.141153447,0.639616935,0
0.167334035,0.578125,0
0.167850312,0.813179348,0
0.185098439,0.568287037,0
0.167761538,1.048519737,0
0.171093502,0.299278846,0
0.167083054,0.637834821,0
0.200830145,1.067057292,0
0.137095643,0.1953125,0
0.190324563,0.884548611,0
0.187139453,0.801339286,0
0.184354869,1.795625,0
0.200041812,0.62265625,0
0.175681868,0.807112069,0
0.184850897,1.7525,0
0.182630135,1.036865234,0
0.196463262,1.095128676,0
0.191310915,0.160571809,0
0.19600602,0.147273936,0
0.191461682,0.167782738,0
0.193769347,0.161783854,0
0.194920925,0.147959184,0
0.193808189,0.230182927,0
0.193588997,0.256893382,0
0.198295356,0.277018229,0
0.198778046,0.145559211,0
0.206312235,0.159201389,0
0.117777703,0.0078125,0
0.105782027,0.0078125,0
0.107009364,0.0078125,0
0.119006303,0.0078125,0
0.082525588,0.007978723,0
0.130673638,0.0078125,0
0.096725277,0.008184524,0
0.119976656,0.0078125,0
0.106860842,0.0078125,0
0.100905502,0.0078125,0
0.169505759,0.216145833,0
0.163313106,0.272518382,0
0.160925335,1.143028846,0
0.164859947,0.275275735,0
0.177427698,0.241508152,0
0.176685284,0.143554688,0
0.179028926,0.440104167,0
0.166353449,0.163671875,0
0.173756783,1.060546875,0
0.168023268,0.155,0
0.169352533,0.91796875,0
0.130410979,0.0078125,0
0.116779075,0.0078125,0
0.10716189,0.008246528,0
0.131099727,0.0078125,0
0.126194803,0.019030449,0
0.107129883,0.0078125,0
0.164801332,0.0703125,0
0.174842857,0.099516369,0
0.164958845,0.089969758,0
0.162515085,0.0703125,0
0.1723464,0.075757576,0
0.167705128,0.073828125,0
0.16862254,0.165625,0
0.166402126,0.0703125,0
0.169081838,0.082175926,0
0.160199487,0.076450893,0
0.200814728,0.956473214,0
0.208676975,1.016357422,0
0.214956445,0.870639535,0
0.211484996,0.646150915,0
0.20692432,0.926106771,0
0.107825211,0.155859375,0
0.115866233,0.136875,0
0.113203353,0.291015625,0
0.085150614,0.335625,0
0.115618688,0.294866071,0
0.113315913,0.328354779,0
0.119213317,0.466974432,0
0.105493079,0.119654605,0
0.108456021,0.135416667,0
0.099853981,0.305706522,0
0.145026456,0.014772727,0
0.138468277,0.01671875,0
0.09791506,0.021033654,0
0.136481726,0.394717262,0
0.135724315,0.0078125,0
0.105873231,0.020507813,0
0.112636549,0.018483232,0
0.116288598,0.041756466,0
0.11328765,0.0078125,0
0.122448465,0.016958841,0
0.174297912,0.164884868,0
0.164973473,0.100669643,0
0.165807663,0.087946429,0
0.155057253,0.071824597,0
0.170310011,0.083757267,0
0.163180094,0.090460526,0
0.161740724,0.085049716,0
0.160984675,0.0703125,0
0.169875811,0.0953125,0
0.171829295,0.078804348,0
0.168957754,1.107142857,0
0.166469398,1.168870192,0
0.147872771,1.283770161,0
0.148742418,1.711516204,0
0.138676549,0.715692935,0
0.150704949,1.240953947,0
0.154305636,1.761126894,0
0.154811854,1.457932692,0
0.16710528,2.1003125,0
0.18881488,0.118719363,0
0.134961588,0.329345703,0
0.142010214,0.395148026,0
0.141046606,0.10546875,0
0.146683933,0.569010417,0
0.134105721,0.239583333,0
0.137295009,0.663802083,0
0.141913032,0.747983871,0
0.139332701,0.265269886,0
0.134991571,0.233705357,0
0.145020841,0.214192708,0
0.111692076,0.101102941,0
0.13343119,0.119791667,0
0.110682668,0.146484375,0
0.12833735,0.231119792,0
0.133594832,0.1359375,0
0.128461597,0.118990385,0
0.118850224,0.106770833,0
0.141909368,0.34765625,0
0.113763716,0.1475,0
0.150862475,0.1515625,0
0.137313249,1.655691964,0
0.14452357,0.673233696,0
0.14553057,0.777113971,0
0.138794665,0.970898438,0
0.149095716,0.889229911,0
0.145027257,1.248342803,0
0.149560766,1.149251302,0
0.148974343,0.774739583,0
0.159905387,0.667689732,0
0.146143734,0.845788043,0
0.171766033,1.107244318,0
0.15350374,1.44765625,0
0.168304611,1.270625,0
0.149826808,2.027777778,0
0.183792891,1.359375,0
0.149192173,1.591733871,0
0.155399607,1.306581439,0
0.167347485,1.089133523,0
0.166612681,1.082421875,0
0.149992574,1.003038194,0
0.173168212,0.246323529,0
0.177641969,0.663125,0
0.173184406,0.331845238,0
0.163668455,0.536892361,0
0.185592179,0.384943182,0
0.163194494,0.409855769,0
0.174940014,0.387939453,0
0.177702059,0.458125,0
0.18863689,0.65234375,0
0.178219896,0.816271552,0
0.174805537,0.493489583,0
0.09942441,0.066189236,0
0.124061766,0.096643519,0
0.116339979,0.16640625,0
0.128032883,0.07625,0
0.124882635,0.149414063,0
0.136521092,0.104352679,0
0.213732372,0.818125,0
0.120882625,0.223958333,0
0.130656208,0.086588542,0
0.141769238,0.08130787,0
0.110820255,0.211160714,0
0.11342045,0.098606419,0
0.117323088,0.07890625,0
0.122911112,0.129734848,0
0.122217801,0.100097656,0
0.120109581,0.10474537,0
0.130000829,0.10619213,0
0.122232696,0.077008929,0
0.110310689,0.074074074,0
0.108406689,0.09453125,0
0.125249217,0.0078125,0
0.118448743,0.0078125,0
0.13752338,0.0078125,0
0.12000782,0.0078125,0
0.124189517,0.0078125,0
0.134334619,0.0078125,0
0.12662555,0.0078125,0
0.130311596,0.0078125,0
0.131091216,0.0078125,0
0.11251649,0.0078125,0
0.22438235,0.897865854,0
0.221101809,0.457868304,0
0.219193733,0.6875,0
0.22018978,0.831473214,0
0.225582198,0.3459375,0
0.223091747,0.410984848,0
0.222858593,0.627441406,0
0.225012418,1.095748547,0
0.220832089,0.986037234,0
0.221884893,0.402698864,0
0.146479688,0.90625,0
0.15039608,0.806295956,0
0.140897429,0.158717105,0
0.143251918,0.293945313,0
0.142018091,0.247944079,0
0.145987971,0.117466518,0
0.14000801,0.121504934,0
0.138607883,0.371651786,0
0.143060223,0.479724702,0
0.151400509,0.652901786,0
0.166702184,0.444475446,0
0.163451395,0.52578125,0
0.159683888,0.569711538,0
0.16678335,0.383820565,0
0.165367602,0.523026316,0
0.167167998,0.560763889,0
0.165822739,0.755580357,0
0.169675292,0.213541667,0
0.165044969,0.435444079,0
0.167060104,0.649414063,0
0.169344454,0.447328629,0
0.161393393,1.0003125,0
0.176991992,0.168526786,0
0.171409391,0.448601974,0
0.075700986,0.105872845,0
0.048254075,0.183363971,0
0.059645487,0.246760671,0
0.0974639,0.292295259,0
0.062182312,0.095552885,0
0.080571283,0.030949519,0
0.079368866,0.232717803,0
0.084806545,0.233072917,0
0.213732372,0.818125,0
0.199320526,1.1734375,0
0.198693672,0.818164063,0
0.201900172,0.971494932,0
0.203616686,1.185388514,0
0.20963196,0.462357955,0
0.208580698,0.555921053,0
0.195322903,0.241210938,0
0.19320469,0.407738095,0
0.199662153,0.253125,0
0.196417513,0.249495968,0
0.20639286,0.251674107,0
0.197425728,0.283967391,0
0.205080371,0.357291667,0
0.16138577,0.551535866,0
0.154383414,0.48781622,0
0.152650891,0.44921875,0
0.15660551,0.552423651,0
0.157601085,1.152980639,0
0.15701328,1.016438802,0
0.155076464,1.064675071,0
0.154977717,1.205124628,0
0.15321848,0.692894345,0
0.152132514,0.52657278,0
0.154433826,0.524773849,0
0.156930643,0.458519345,0
0.158180584,0.618489583,0
0.153900317,0.633480674,0
0.153904875,0.73187934,0
0.154345078,0.735762747,0
0.160862182,0.366675967,0
0.158373857,0.455433239,0
0.154637161,0.413876488,0
0.158008678,0.544433594,0
0.158993749,0.415039063,0
0.166103114,0.369140625,0
0.162390897,0.322779605,0
0.164086018,0.321044922,0
0.158466257,0.472861842,0
0.161176008,0.327370384,0
0.158300109,0.504985609,0
0.152752795,0.609188988,0
0.147733874,0.628773082,0
0.145859237,0.353422619,0
0.149611775,0.495990954,0
0.1554347,1.054199219,0
0.159621374,0.58547247,0
0.158040154,0.646306818,0
0.16050064,0.987881747,0
0.158272151,1.016322545,0
0.155595181,0.758231027,0
0.150899012,0.809616815,0
0.151836487,0.975896662,0
0.155364484,0.471075149,0
0.159510792,0.21530878,0
0.154189575,0.273204985,0
0.156321176,0.551757813,0
0.153381753,0.33140121,0
0.146756905,0.3171875,0
0.162613804,0.314924569,0
0.152234573,0.706088362,0
0.165155638,0.310677083,0
0.167755663,0.69828869,0
0.155535432,0.398763021,0
0.145720764,0.197916667,0
0.139583068,0.203683036,0
0.14513266,0.682291667,0
0.119621592,0.689732143,0
0.133157631,0.348357372,0
0.126735084,0.640869141,0
0.127124646,0.538335756,0
0.132854631,0.354352679,0
0.188716431,0.4575,0
0.181494959,0.598144531,0
0.192275378,0.518682065,0
0.203082756,0.4375,0
0.166857556,0.310546875,0
0.187391061,0.324404762,0
0.1940882,0.495793269,0
0.185908157,0.696514423,0
0.178027567,0.983854167,0
0.187952069,0.519736842,0
0.191695426,1.315504808,0
0.18974898,0.752232143,0
0.188408356,0.803267045,0
0.182219021,0.6328125,0
0.187054737,0.808423913,0
0.176775396,0.790178571,0
0.153610337,0.28046875,0
0.187299265,1.069010417,0
0.157271986,0.339583333,0
0.183141691,0.695913462,0
0.201387416,0.565290179,0
0.186237863,0.35,0
0.194414169,0.63984375,0
0.187114496,0.423958333,0
0.180909867,0.981158088,0
0.18857533,0.689453125,0
0.192898668,0.921875,0
0.190970366,0.7278125,0
0.187092861,1.056066176,0
0.181902624,0.558763587,0
0.160362608,0.686491935,0
0.190526305,0.9603125,0
0.183018208,0.520380435,0
0.190442984,0.759672619,0
0.195946841,0.509672619,0
0.194610652,0.7353125,0
0.193604701,0.796875,0
0.186411124,0.80546875,0
0.193800839,0.765964674,0
0.167281421,1.095269097,0
0.188100334,0.493229167,0
0.18606423,0.481026786,0
0.186823707,1.325639205,0
0.194143342,0.275,0
0.18885973,0.58512931,0
0.175929104,0.787703804,0
0.193228993,0.93125,0
0.190071643,0.674252717,0
0.19083691,0.584635417,0
0.194639406,0.532877604,0
0.176457058,0.880022321,0
0.199280687,0.925480769,0
0.17965912,0.314555921,0
0.194606313,0.592285156,0
0.204981834,0.408380682,0
0.196425258,0.952302632,0
0.190982605,0.456752232,0
0.193812335,0.943933824,0
0.182306459,0.670758929,0
0.18689803,0.879185268,0
0.189611565,0.885817308,0
0.186084811,0.564555921,0
0.192133972,0.406960227,0
0.166416082,1.249526515,0
0.199614516,0.658203125,0
0.12945253,0.659179688,0
0.183109873,0.696875,0
0.195051923,0.891493056,0
0.194983781,0.358258929,0
0.183124768,0.627297794,0
0.186511165,0.890190972,0
0.18630726,0.8828125,0
0.187740126,0.393629808,0
0.188610535,0.295496324,0
0.187126949,0.546875,0
0.189498676,0.689732143,0
0.178618409,0.984627016,0
0.175614173,1.000679348,0
0.194780944,0.430338542,0
0.177096209,0.3671875,0
0.184848297,0.572716346,0
0.186207925,1.387746711,0
0.165026456,0.770970395,0
0.085831607,0.132308468,0
0.039363343,0.256103516,0
0.146393371,0.521925403,0
0.132951182,0.170516304,0
0.138353785,0.166666667,0
0.171756112,0.59453125,0
0.136473791,0.079799107,0
0.128093693,0.065272177,0
0.129027922,0.104082661,0
0.150227241,0.089732143,0
0.122134467,0.056848404,0
0.142488926,0.068834459,0
0.128814532,0.08266129,0
0.183966745,0.620605469,0
0.173630395,1.094105114,0
0.181191469,0.960181452,0
0.184187313,0.791015625,0
0.187038223,0.750339674,0
0.187508938,1.397235577,0
0.193306449,1.098557692,0
0.192391211,1.454241071,0
0.193976816,1.338020833,0
0.184306164,0.806361607,0
0.195273945,0.990885417,0
0.189331395,1.088694853,0
0.170462848,1.25,0
0.161490005,0.679315476,0
0.153327066,1.916875,0
0.18906495,1.631167763,0
0.197205246,0.83984375,0
0.19925344,1.268229167,0
0.150704185,0.574739583,0
0.138336323,1.106212798,0
0.156862419,1.214021382,0
0.152167925,0.681152344,0
0.144681384,0.762408088,0
0.162226813,0.7503125,0
0.126679195,0.685112847,0
0.157578737,0.435396635,0
0.156462933,0.994904891,0
0.130536603,0.878605769,0
0.196022705,0.921164773,0
0.200513095,0.468327703,0
0.199619534,1.1171875,0
0.202450069,0.640950521,0
0.207534422,0.901041667,0
0.140716928,0.398148148,0
0.212619817,0.671875,0
0.201428029,0.852678571,0
0.205776114,0.299045139,0
0.206506938,1.334635417,0
0.135916935,0.230324074,0
0.159270116,0.485821759,0
0.1603749,0.140429688,0
0.160468201,0.350506757,0
0.130917547,0.253787879,0
0.137654743,0.280273438,0
0.153446983,0.238064236,0
0.163812989,0.609675481,0
0.15293749,0.525331439,0
0.154623105,0.261126894,0
0.139546333,0.426915323,0
0.14173034,0.4890625,0
0.152080516,0.597426471,0
0.150002435,0.470982143,0
0.141262751,0.414362981,0
0.14446144,0.669744318,0
0.148932668,0.474537037,0
0.147380705,0.37046371,0
0.132709975,0.0078125,0
0.11555734,0.010318396,0
0.133108102,0.0078125,0
0.13340514,0.0078125,0
0.126405749,0.020359848,0
0.130041559,0.0078125,0
0.128899304,0.0078125,0
0.138850844,0.0078125,0
0.133107895,0.0078125,0
0.135603867,0.025146484,0
0.129003126,0.29857337,0
0.125830381,0.242897727,0
0.169634629,0.201746324,0
0.1456762,0.360625,0
0.150660627,0.221354167,0
0.137412268,0.0078125,0
0.148504903,0.0078125,0
0.129494631,0.0078125,0
0.141017301,0.0078125,0
0.124434552,0.0078125,0
0.140373168,0.0078125,0
0.142133366,0.0078125,0
0.136930257,0.0078125,0
0.129408891,0.0078125,0
0.141598185,0.0078125,0
0.155171185,0.891493056,0
0.164710428,0.784646739,0
0.169446228,0.396059783,0
0.171524781,0.701522436,0
0.165675768,0.676993534,0
0.175236547,0.8040625,0
0.17335613,0.508789063,0
0.167688531,0.754971591,0
0.177154006,0.329391892,0
0.167092111,0.804917279,0
0.135439921,0.025669643,0
0.111336717,0.1953125,0
0.126490157,0.940429688,0
0.143503898,0.462015086,0
0.098401264,0.693576389,0
0.133789167,0.71875,0
0.142107791,1.204733456,0
0.125046513,0.735795455,0
0.118012458,0.5228125,0
0.146408769,0.60625,0
0.147246228,0.527994792,0
0.136544995,0.328125,0
0.131649276,0.348894817,0
0.136619901,0.170691288,0
0.136357873,0.409667969,0
0.113998321,0.366570724,0
0.134280484,0.460658482,0
0.131286983,0.456380208,0
0.146211067,0.839732143,0
0.114047963,0.187220982,0
0.130483909,0.1540625,0
0.163449141,0.326239224,0
0.158351723,0.368790064,0
0.194226394,0.645833333,0
0.183167358,0.445572917,0
0.166508275,0.479492188,0
0.190603691,0.593303571,0
0.174151584,0.2890625,0
0.173094592,0.4278125,0
0.180052131,0.318709936,0
0.187741397,0.372896635,0
0.174623241,0.288574219,0
0.195126971,0.479166667,0
0.187102575,0.270733173,0
0.179253335,0.5984375,0
0.183001514,0.47265625,0
0.204096023,0.25390625,0
0.187881443,0.322395833,0
0.170904352,0.202636719,0
0.169310404,0.214133523,0
0.167901403,0.258789063,0
0.169667926,0.239762931,0
0.172242859,0.241365132,0
0.169736247,0.140625,0
0.16879083,0.240149457,0
0.169100156,0.221235795,0
0.165101812,0.06875,0
0.169299933,0.206414474,0
0.161798948,0.404903017,0
0.141996009,0.312872024,0
0.151755275,0.184895833,0
0.155791036,0.424715909,0
0.132078768,0.498934659,0
0.156413666,0.21640625,0
0.134505932,0.258184524,0
0.16941184,0.25625,0
0.155245844,0.333079268,0
0.149886883,0.2578125,0
0.159722449,0.595880682,0
0.157421446,0.444602273,0
0.170624946,0.818256579,0
0.11384848,0.444824219,0
0.167498444,0.402455357,0
0.165146872,0.24453125,0
0.146445288,0.355282738,0
0.169186048,0.411764706,0
0.136065631,0.440272177,0
0.157534008,0.490885417,0
0.156780763,0.339988426,0
0.159333403,0.260850694,0
0.164565495,0.194957386,0
0.146240822,0.657226563,0
0.138546156,0.176432292,0
0.1414194,0.412860577,0
0.135681636,0.280838816,0
0.161037848,0.388764881,0
0.11244771,0.977864583,0
0.155223573,0.1975,0
0.16241055,0.11328125,0
0.124929626,0.6484375,0
0.141964824,0.691002155,0
0.176505734,0.454769737,0
0.160625873,0.421519886,0
0.156032242,0.656828704,0
0.074675083,0.588216146,0
0.092578894,0.698016827,0
0.101277916,0.721467391,0
0.091436335,0.776278409,0
0.137206217,1.289508929,0
0.152670015,0.971153846,0
0.171712871,1.133854167,0
0.143808839,1.620738636,0
0.152846475,0.801930147,0
0.151462714,1.411458333,0
0.138446489,0.104256466,0
0.157952768,0.250269397,0
0.097986194,0.289641204,0
0.141078076,0.438100962,0
0.146505988,0.350883152,0
0.158623392,0.1953125,0
0.159791678,0.380859375,0
0.113668887,0.215820313,0
0.15117135,0.297619048,0
0.16133255,0.500651042,0
0.127479757,0.151726974,0
0.155192655,0.481770833,0
0.146755192,0.578125,0
0.155219091,0.427283654,0
0.165368523,0.558919271,0
0.174185612,0.89765625,0
0.171727314,0.650505515,0
0.176459314,0.519314236,0
0.177694879,0.944196429,0
0.176352183,0.688519022,0
0.156120752,0.596976902,0
0.152185584,0.511067708,0
0.152266537,0.560191761,0
0.149790787,0.466889881,0
0.155785368,0.609421503,0
0.156147038,0.830502717,0
0.149948362,0.313895089,0
0.159003324,0.572916667,0
0.159321346,0.480143229,0
0.156240402,0.425914418,0
0.150051976,0.305059524,0
0.150672157,0.343889509,0
0.151921813,0.400878906,0
0.153062675,0.561988467,0
0.150139716,0.543767756,0
0.155867356,0.470947266,0
0.15513013,0.469415838,0
0.153817457,0.520600818,0
0.153715933,0.438787287,0
0.153085133,0.313895089,0
0.157644191,0.420735677,0
0.155181094,0.337338655,0
0.153942991,0.389071378,0
0.153964545,0.432477679,0
0.157915103,0.348378057,0
0.162173227,0.367838542,0
0.156166413,0.364435369,0
0.162064967,0.270414807,0
0.152736966,0.463018003,0
0.154292082,0.525483631,0
0.156767005,0.57686942,0
0.154152442,0.422119141,0
0.149878324,0.40399966,0
0.150108823,0.557528409,0
0.149456887,0.403941761,0
0.152130599,0.465029762,0
0.151531524,0.519064198,0
0.157614967,0.658069957,0
0.151472179,0.562411222,0
0.155263815,0.439453125,0
0.15651506,0.68975034,0
0.155523799,0.434337798,0
0.151684444,0.520600818,0
0.153086879,0.471635298,0
0.151356431,0.449855639,0
0.151334349,0.593145461,0
0.147805726,0.322931463,0
0.14793662,0.421781994,0
0.159023393,0.414632161,0
0.155586913,0.373651414,0
0.151272283,0.33372962,0
0.148920935,0.294131324,0
0.168052375,0.299045139,0
0.163779193,0.934375,0
0.178051399,0.568865741,0
0.159451663,0.403556034,0
0.167684731,0.904513889,0
0.160450209,0.733928571,0
0.167116728,0.611111111,0
0.158040662,0.525568182,0
0.163541347,0.583125,0
0.16243893,0.986979167,0
0.160560925,0.309375,0
0.170136012,0.573350694,0
0.168854214,0.525390625,0
0.17546984,0.650752315,0
0.168884882,0.378676471,0
0.159195299,1.01171875,0
0.165598298,1.147898707,0
0.157276534,0.177604167,0
0.165461619,0.701171875,0
0.169633438,0.174479167,0
0.16601842,0.469805743,0
0.169553706,0.338975694,0
0.165976877,0.61402027,0
0.158721583,0.392485119,0
0.162895858,0.798363095,0
0.164228316,0.896809896,0
0.165911923,0.551809211,0
0.165454626,0.707981419,0
0.168504576,1.08984375,0
0.165658876,0.543125,0
0.166233549,0.896614583,0
0.158367824,0.454101563,0
0.172390938,0.593039773,0
0.166689475,0.604795259,0
0.163515128,0.450721154,0
0.165899508,0.695870536,0
0.16979763,0.623046875,0
0.171958807,0.68984375,0
0.153896474,0.729073661,0
0.175527574,0.420166016,0
0.165048683,0.696402616,0
0.166046094,0.48125,0
0.162336773,0.406032986,0
0.167254701,0.657258065,0
0.16702127,0.352539063,0
0.166973594,0.521289063,0
0.168148745,0.539601293,0
0.171168597,0.921401515,0
0.165862875,0.841064453,0
0.163001802,0.655625,0
0.166741898,0.602008929,0
0.161420942,0.794270833,0
0.169331509,0.740848214,0
0.169796447,0.443684896,0
0.17630932,0.348828125,0
0.172459445,0.348144531,0
0.170752494,0.591045673,0
0.164848568,0.301432292,0
0.168243127,0.6871875,0
0.169341633,0.759943182,0
0.165553011,0.8671875,0
0.165439339,1.125434028,0
0.172235456,0.738839286,0
0.166580213,0.169471154,0
0.159346917,0.888494318,0
0.168424394,0.478841146,0
0.173225139,0.816915761,0
0.164942112,0.433971774,0
0.169951091,0.911764706,0
0.165341492,0.2865625,0
0.162046927,1.001420455,0
0.149864156,0.62109375,0
0.16831705,0.553710938,0
0.157992576,0.522949219,0
0.174645539,0.311523438,0
0.175235662,0.935461957,0
0.173665778,0.625422297,0
0.161859039,0.545117188,0
0.161131594,0.509375,0
0.167335716,0.589355469,0
0.162428948,0.586458333,0
0.173483471,0.597470238,0
0.164389079,1.1046875,0
0.168022339,0.346875,0
0.180360211,0.968568314,0
0.191151288,0.682771382,0
0.176481561,0.701891447,0
0.18251693,0.704963235,0
0.173201795,0.88125,0
0.175608547,1.034254808,0
0.173764677,1.121570122,0
0.168762986,0.626674107,0
0.184749215,0.788602941,0
0.180792175,1.3703125,0
0.184388044,0.947620739,0
0.178491211,1.06726372,0
0.184012161,0.888822115,0
0.190270482,1.016773897,0
0.179085045,0.683728448,0
0.185876294,0.927014803,0
0.181054947,0.490675403,0
0.180642798,1.318509615,0
0.183981014,1.341517857,0
0.192943299,0.73255814,0
0.172044323,0.796875,0
0.17371648,1.343394886,0
0.173448805,1.111852134,0
0.170723428,1.144230769,0
0.188543013,0.664583333,0
0.170042567,0.959765625,0
0.180650961,1.565848214,0
0.178873357,0.458460366,0
0.174273983,0.794704861,0
0.177669976,0.673828125,0
0.18236181,1.092857143,0
0.175634123,0.424408784,0
0.178535925,1.19765625,0
0.172349346,1.347942073,0
0.16482457,0.561767578,0
0.174892325,1.005632267,0
0.168164372,1.038461538,0
0.171409029,0.791015625,0
0.178765123,0.742417279,0
0.177693858,0.6403125,0
0.179716144,0.981881649,0
0.173709455,1.027901786,0
0.173720512,0.829427083,0
0.178254336,1.104225852,0
0.166184378,0.577934451,0
0.178720688,1.815848214,0
0.168698613,0.798677885,0
0.166478636,0.711495536,0
0.1706137,0.57734375,0
0.182887691,1.606770833,0
0.17379945,1.26171875,0
0.176938283,0.862827035,0
0.17768078,0.920758929,0
0.167731744,0.813616071,0
0.181036339,1.072265625,0
0.174991748,0.443677326,0
0.177527038,1.557010135,0
0.176746255,0.8671875,0
0.171547961,1.456117021,0
0.175583481,1.032964939,0
0.182465049,0.9246875,0
0.160307998,0.6640625,0
0.153381674,0.318603516,0
0.197027156,1.235704787,0
0.181555987,0.891210938,0
0.189057081,0.614583333,0
0.183170844,0.556640625,0
0.201951304,1.034333882,0
0.202283577,1.569355867,0
0.194957222,0.874840561,0
0.199756397,1.018229167,0
0.194016496,0.614889706,0
0.203814537,0.82359375,0
0.186891409,0.65625,0
0.171490287,0.665421196,0
0.180849359,0.756310096,0
0.198585268,0.680706522,0
0.194210617,1.241709184,0
0.195171422,1.022727273,0
0.193038704,0.791940789,0
0.189761258,0.779411765,0
0.186118513,0.696933962,0
0.194248134,1.350398936,0
0.198868838,0.929521277,0
0.193155389,0.778424202,0
0.185934699,0.527901786,0
0.195200787,0.532579787,0
0.207271491,0.880489865,0
0.189288164,1.004464286,0
0.18898465,0.791601563,0
0.188838665,1.051962209,0
0.20154104,0.789257813,0
0.190851697,0.375,0
0.183464659,0.927688953,0
0.189989773,0.619791667,0
0.190401884,0.918323864,0
0.195709892,0.56640625,0
0.192631692,1.045833333,0
0.182869213,0.75234375,0
0.201080789,0.463955966,0
0.198930472,1.443080357,0
0.179406948,0.66328125,0
0.1815596,0.472005208,0
0.193197025,1.173108553,0
0.19795475,1.120174632,0
0.195744768,0.6609375,0
0.19633659,0.686655405,0
0.17316515,1.009992733,0
0.195209758,0.878633721,0
0.203381046,0.9703125,0
0.199582915,0.776041667,0
0.191324489,0.617745536,0
0.192299761,0.514453125,0
0.19137379,0.683254076,0
0.194149909,0.677246094,0
0.195219947,0.46484375,0
0.195376387,0.904575893,0
0.196317326,1.050327035,0
0.190720011,0.780523256,0
0.188357597,0.682412791,0
0.190408638,0.858525815,0
0.192154407,1.057221284,0
0.20124058,1.1484375,0
0.204075413,1.614508929,0
0.185768646,0.862980769,0
0.187477037,1.0078125,0
0.1895152,1.468386628,0
0.193832154,2.141113281,0
0.189063477,1.33643617,0
0.191921183,1.034598214,0
0.201305719,0.962572674,0
0.1959379,0.465049342,0
0.196839488,0.731534091,0
0.193357293,1.202955163,0
0.198356889,1.998958333,0
0.191380524,0.878320313,0
0.200303165,1.690770349,0
0.203362756,1.019270833,0
0.194851425,1.072574013,0
0.200433686,1.2109375,0
0.195847541,0.553571429,0
0.195953676,1.164257813,0
0.194059598,1.333426339,0
0.197885072,0.885416667,0
0.193424214,1.77006392,0
0.187943808,1.099158654,0
0.200861242,1.042018581,0
0.199589543,1.24830163,0
0.197851777,1.043285473,0
0.194961305,0.755580357,0
0.193492046,0.897017045,0
0.186506549,1.1053125,0
0.179100987,1.027832031,0
0.191023797,1.398607337,0
0.192621338,1.163884943,0
0.199217361,0.934821429,0
0.189232285,1.199898098,0
0.194003486,1.728156888,0
0.185269829,1.387746711,0
0.194874522,1.601041667,0
0.192809251,1.256569602,0
0.182507762,0.899414063,0
0.189983202,0.735538564,0
0.189425986,0.771524235,0
0.191590704,0.747141768,0
0.198936982,0.744140625,0
0.185698574,1.119549419,0
0.188291306,1.341517857,0
0.186219164,0.987304688,0
0.185462507,1.154296875,0
0.191353396,1.177604167,0
0.189160077,1.200457317,0
0.17732967,1.43018617,0
0.186100909,1.539663462,0
0.18304563,1.217606707,0
0.194844864,1.108695652,0
0.189797944,0.906709559,0
0.198810571,1.230741279,0
0.190479103,1.323153409,0
0.185583994,1.211825284,0
0.195704983,0.845464939,0
0.191582729,0.614430147,0
0.188229185,1.801757813,0
0.174254534,0.894440407,0
0.184244561,1.115828804,0
0.184517183,0.734964623,0
0.185126389,1.217578125,0
0.179949194,1.223958333,0
0.1795573,0.884885204,0
0.191936187,0.45625,0
0.183210437,1.206580529,0
0.187146907,0.454385081,0
0.190235564,1.262222782,0
0.180528667,1.318548387,0
0.204943667,1.222592213,0
0.194627989,1.019752358,0
0.198570077,1.5375,0
0.186393472,0.894460227,0
0.189002547,1.147995283,0
0.180995786,0.960085227,0
0.189496372,1.856617647,0
0.184338938,0.996841755,0
0.191782317,1.146267361,0
0.189995095,0.949005682,0
0.192988943,1.202205882,0
0.183886114,1.1746875,0
0.186643054,0.562839674,0
0.190588799,1.5703125,0
0.201403062,0.4609375,0
0.189252879,1.03685462,0
0.179678133,1.461309524,0
0.197687748,0.589453125,0
0.18769226,0.921306818,0
0.197889212,0.903941761,0
0.186219654,1.437639509,0
0.203858251,0.842881944,0
0.193322456,1.131204044,0
0.18894073,1.101074219,0
0.189990799,1.271033654,0
0.211377749,0.849420363,0
0.202643941,0.881696429,0
0.198476258,0.982069672,0
0.193663865,0.765066964,0
0.192667648,1.463040865,0
0.196729877,1.29984375,0
0.204842376,1.719769022,0
0.200977031,0.916903409,0
0.192339818,1.714339718,0
0.193219706,0.858506944,0
0.194966057,1.166277985,0
0.198727302,1.206653226,0
0.195423551,0.7265625,0
0.198814061,1.441002155,0
0.185771053,1.466589096,0
0.176334639,0.916932398,0
0.205414924,1.47781808,0
0.203441834,1.498579545,0
0.197558043,1.151633523,0
0.196224115,1.31375558,0
0.206079848,1.835658482,0
0.204184075,0.718039773,0
0.204271027,1.707704741,0
0.192763153,1.017378827,0
0.188054098,1.26328125,0
0.198922743,0.516145833,0
0.188418649,0.496002907,0
0.193896949,1.235085227,0
0.191018022,1.30689538,0
0.1841419,0.795572917,0
0.190862207,0.536132813,0
0.200690375,1.309943182,0
0.192065896,1.15546875,0
0.192407537,1.40625,0
0.192557517,1.142708333,0
0.194565219,1.907291667,0
0.196194621,1.11627907,0
0.190289378,1.280400815,0
0.197072515,1.199707031,0
0.182336727,1.032315341,0
0.190436268,1.136957908,0
0.190421877,1.082261029,0
0.186320341,0.928485577,0
0.189573146,0.748471467,0
0.181421187,1.071340461,0
0.196787849,1.443953804,0
0.196304584,0.68359375,0
0.199137655,1.053571429,0
0.195643063,1.240017361,0
0.190284827,0.978515625,0
0.188175668,1.090144231,0
0.199427119,1.032393293,0
0.194007057,1.16870777,0
0.193988407,0.927455357,0
0.189873605,0.888338415,0
0.180851118,0.865808824,0
0.195543127,1.325954861,0
0.187086554,1.184765625,0
0.195259587,0.670673077,0
0.18898524,1.10767663,0
0.196589992,1.468229167,0
0.193050825,0.850731383,0
0.190944243,0.778888081,0
0.195467989,1.192116477,0
0.20035138,1.1171875,0
0.196805667,1.123401989,0
0.186467934,0.5,0
0.195164261,1.386541193,0
0.191326683,0.758333333,0
0.19871761,0.792091837,0
0.19362559,1.190198864,0
0.203079981,1.639190051,0
0.1901168,0.780868902,0
0.185480098,1.5234375,0
0.198308114,1.005632267,0
0.186288684,0.790409483,0
0.192271523,1.311035156,0
0.188607724,0.511948529,0
0.199189487,0.822443182,0
0.189808575,1.173018293,0
0.185914867,1.024816176,0
0.189020427,0.7890625,0
0.193562985,1.195790816,0
0.182813462,1.078634511,0
0.197991858,1.647549716,0
0.193622778,1.621675532,0
0.191968913,1.643229167,0
0.174754985,0.777644231,0
0.175310852,1.479992378,0
0.198524035,0.768465909,0
0.191692741,0.697115385,0
0.181525453,1.521802326,0
0.18346495,0.782012195,0
0.190580283,1.245916193,0
0.176626657,1.848899148,0
0.192992763,1.406821646,0
0.186150408,1.298564189,0
0.187495475,1.092087766,0
0.188878774,0.8559375,0
0.177917464,1.612926136,0
0.196970689,0.510267857,0
0.182041093,1.957481971,0
0.18435844,1.426257622,0
0.201064718,0.798943015,0
0.202332976,1.190167683,0
0.176199879,1.913699128,0
0.19464442,1.089488636,0
0.179496262,1.474275915,0
0.182561215,1.81875,0
0.199040611,1.079653533,0
0.182813026,1.436383929,0
0.191648237,1.227726064,0
0.196389233,2.805245536,0
0.190531508,1.701660156,0
0.18842184,0.967797256,0
0.192195966,0.950683594,0
0.185609359,1.75265625,0
0.193366463,1.452615489,0
0.191444116,1.962209302,0
0.185093974,1.217708333,0
0.192896664,1.261623476,0
0.19158256,1.850360577,0
0.186753021,1.862413194,0
0.176696845,1.939328457,0
0.185688615,0.889583333,0
0.192317241,1.090909091,0
0.190401637,0.759960938,0
0.194213694,0.861328125,0
0.197098761,1.464477539,0
0.18789803,0.918064024,0
0.180803992,0.533078457,0
0.189628045,2.000926907,0
0.195714798,2.254488032,0
0.189870359,1.372395833,0
0.193110373,0.589638158,0
0.193200228,1.54265625,0
0.197103136,1.779983108,0
0.193799999,0.869140625,0
0.186325972,1.924408784,0
0.187771722,1.8359375,0
0.184439562,1.778320313,0
0.188419106,2.197454637,0
0.179134628,1.345563616,0
0.168094756,1.14609375,0
0.190369458,1.253656915,0
0.195828769,1.095117188,0
0.189245002,1.07201087,0
0.197030505,1.580180921,0
0.204578869,1.421077806,0
0.189408412,0.777426862,0
0.202065333,1.365340909,0
0.200783536,1.2740625,0
0.201380198,1.918719952,0
0.197273411,1.421982021,0
0.210838698,2.090625,0
0.201039131,1.48061899,0
0.194811582,1.43877551,0
0.208719093,0.884967672,0
0.197546833,0.75390625,0
0.203955157,1.731219952,0
0.207022466,0.6909375,0
0.199759266,1.16015625,0
0.187154334,1.626464844,0
0.206441977,0.763871173,0
0.207960336,1.792220745,0
0.196266671,1.210681352,0
0.201361796,0.739257813,0
0.202234216,0.68671875,0
0.19872951,0.854166667,0
0.198052488,1.102889151,0
0.188867078,0.819870283,0
0.201432758,0.75,0
0.193130845,1.229567308,0
0.204714748,0.81796875,0
0.198218184,0.552379261,0
0.2012129,0.964092548,0
0.193778467,1.090599798,0
0.196771869,0.910644531,0
0.202016037,0.898142689,0
0.19694481,1.0396875,0
0.206995718,1.226267689,0
0.195542428,0.530078125,0
0.200717124,0.667220745,0
0.195680246,1.091145833,0
0.194573737,0.62578125,0
0.193500484,1.29672476,0
0.194216906,1.102864583,0
0.195192957,1.448863636,0
0.202811911,0.734964623,0
0.196095994,1.519396552,0
0.19934087,0.818317819,0
0.200986402,1.21875,0
0.20213383,0.894191576,0
0.196254708,1.11040684,0
0.189172238,0.52171875,0
0.198480469,1.444972826,0
0.196316076,1.558814858,0
0.205059568,1.04953125,0
0.202965448,1.035435268,0
0.204047886,0.565625,0
0.200455872,0.610809949,0
0.194580482,1.001302083,0
0.201383386,0.905208333,0
0.203361436,1.521033654,0
0.190007672,1.138972356,0
0.186403501,1.096875,0
0.190311342,1.241319444,0
0.182208696,0.949966755,0
0.186224878,0.735351563,0
0.176815551,1.005774457,0
0.186074595,0.675707547,0
0.179134762,0.758976064,0
0.176361135,1.374565972,0
0.180190968,0.72963627,0
0.17213011,0.925117925,0
0.181222594,1.125,0
0.174429618,1.136432927,0
0.183898547,1.283501059,0
0.184225006,1.013392857,0
0.195948866,0.936458333,0
0.183551581,0.77765625,0
0.192132292,0.9421875,0
0.188848171,1.29765625,0
0.179298898,0.965924202,0
0.174076641,1.217285156,0
0.179427349,1.217773438,0
0.175509597,1.04859375,0
0.188789992,1.147986779,0
0.186968185,1.368351064,0
0.179639633,1.252659574,0
0.178590383,1.213001179,0
0.176526922,1.175223214,0
0.181019996,1.431525735,0
0.184105806,0.748139881,0
0.182282196,1.375332447,0
0.190812816,0.586914063,0
0.183459741,0.669375,0
0.191959226,0.899364407,0
0.175356876,1.210746951,0
0.180166009,0.954659598,0
0.17761538,0.522758152,0
0.177778044,0.951286765,0
0.180473579,0.789741848,0
0.178450002,0.770507813,0
0.167251927,0.749348958,0
0.167831709,0.58125,0
0.190887658,0.567325368,0
0.144904204,0.756696429,0
0.150558879,0.866753472,0
0.188128358,0.914607558,0
0.191013774,1.467447917,0
0.176848865,1.086063508,0
0.186836098,0.66796875,0
0.181672726,0.630208333,0
0.176248964,0.4640625,0
0.185796248,1.140477594,0
0.139956895,0.877554087,0
0.182128932,1.39359375,0
0.176598764,1.373766447,0
0.180714103,1.340242347,0
0.183373877,1.068933824,0
0.183705844,1.363511029,0
0.161616486,0.53125,0
0.179384145,1.090507075,0
0.183663813,1.2234375,0
0.176924945,1.11328125,0
0.178613123,1.423677885,0
0.181644607,0.499273256,0
0.181798988,0.7890625,0
0.18087905,1.387276786,0
0.191853569,1.430989583,0
0.186317595,0.781427557,0
0.18717832,1.307692308,0
0.180507097,0.682528409,0
0.184000023,0.790178571,0
0.182069978,1.13060462,0
0.180498409,0.628605769,0
0.184500922,0.705208333,0
0.189539865,0.71484375,0
0.179325597,0.620584239,0
0.182656194,0.587946429,0
0.181030649,0.864329268,0
0.183245813,1.373046875,0
0.182671803,0.663034539,0
0.185014891,1.011328125,0
0.18215926,1.118554688,0
0.189469979,0.641335227,0
0.182937321,1.219383446,0
0.181591722,0.982536765,0
0.186741003,0.373909884,0
0.180378964,1.253605769,0
0.194976574,0.678977273,0
0.185179191,0.636160714,0
0.182422051,0.616957721,0
0.197826351,1.016015625,0
0.181089734,0.6328125,0
0.181542883,1.287388393,0
0.178261924,1.076489826,0
0.176383486,1.064877717,0
0.180726589,0.606841216,0
0.183874493,1.119140625,0
0.172597775,0.595748547,0
0.181858601,0.51615767,0
0.169407349,0.992897727,0
0.189249598,1.08423913,0
0.180063603,0.84321733,0
0.174543018,1.279101563,0
0.192210007,0.979940878,0
0.18333109,0.910546875,0
0.164709822,1.279575893,0
0.186213643,0.621471774,0
0.178696052,0.925464527,0
0.177326095,0.86328125,0
0.181702123,1.536328125,0
0.190578004,1.262109375,0
0.186942773,0.758634868,0
0.179939508,1.221428571,0
0.187696863,0.658430233,0
0.178708207,1.0546875,0
0.191543053,1.545258621,0
0.179837622,0.943359375,0
0.180473096,1.67278343,0
0.178447466,1.082386364,0
0.19065272,0.717447917,0
0.206842441,1.209578804,0
0.19563958,1.171875,0
0.192725758,1.130514706,0
0.193316995,0.880664063,0
0.202971887,0.836148649,0
0.187855712,1.154575893,0
0.207791853,0.949835526,0
0.199699211,0.74296875,0
0.207164493,1.094791667,0
0.20093995,0.990998641,0
0.205887611,1.159254808,0
0.203865218,1.13671875,0
0.194042541,1.296705163,0
0.199452407,0.997112772,0
0.191527796,1.053420608,0
0.201977217,1.257621951,0
0.208139028,0.881359012,0
0.199122707,1.287627551,0
0.204335992,1.608258929,0
0.209095152,0.659505208,0
0.203549378,1.01953125,0
0.205742047,1.08046875,0
0.208433826,1.0546875,0
0.201886646,0.959765625,0
0.193282474,1.563920455,0
0.19679525,0.652434593,0
0.197676486,0.530886628,0
0.200428134,0.770089286,0
0.204844881,1.519361413,0
0.19411115,1.304296875,0
0.19910391,0.732730263,0
0.207604351,0.993421053,0
0.20759267,0.845214844,0
0.203307024,0.942307692,0
0.205165496,0.8765625,0
0.206999257,1.065027574,0
0.199547515,0.984920058,0
0.207734372,1.879136029,0
0.201410318,1.714543269,0
0.199628532,0.767578125,0
0.204827436,0.927819293,0
0.206261361,0.928353659,0
0.191005065,1.381669207,0
0.197429884,1.19578125,0
0.203584985,0.67408288,0
0.185490112,1.118229167,0
0.197065717,0.914732143,0
0.19249847,0.640243902,0
0.204769617,0.952083333,0
0.200012191,0.900240385,0
0.20277871,1.177734375,0
0.191887053,1.332370924,0
0.199945207,1.311954942,0
0.207771971,0.594460227,0
0.210950583,0.967371324,0
0.203185109,0.832280585,0
0.199174754,0.682679521,0
0.21379548,0.847478693,0
0.197605797,1.4296875,0
0.20524014,1.495535714,0
0.173240521,1.052262931,0
0.176593706,0.879241071,0
0.185961343,0.812255859,0
0.179084502,0.7734375,0
0.172894271,1.231085526,0
0.179979784,0.768369932,0
0.175802654,0.982474662,0
0.179467404,0.59193314,0
0.180517281,1.0703125,0
0.187812624,0.667633929,0
0.177653891,0.872544643,0
0.177190541,0.675585938,0
0.181508271,0.781850962,0
0.182851149,0.77943314,0
0.191087983,1.612165179,0
0.189113092,0.901339286,0
0.173844854,0.642045455,0
0.177226414,0.803571429,0
0.182667567,0.367838542,0
0.18094034,0.732896959,0
0.186408926,1.10056516,0
0.175486137,1.226785714,0
0.178993873,1.128551136,0
0.178748028,1.178571429,0
0.181503834,1.369664634,0
0.179933144,1.621875,0
0.179489929,0.690588663,0
0.181635453,0.466992188,0
0.179277965,1.557617188,0
0.182899765,1.460755814,0
0.180574898,1.274553571,0
0.177801597,0.64996189,0
0.183188264,0.785456731,0
0.176320392,1.139171512,0
0.171842711,0.689368207,0
0.180292493,0.928865132,0
0.17539378,1.022460938,0
0.178306366,0.947368421,0
0.178260715,1.635298295,0
0.179107886,1.08046875,0
0.179178443,1.0078125,0
0.17898703,0.848575368,0
0.177029273,1.202473958,0
0.184716985,0.6875,0
0.17664274,0.547585227,0
0.1799833,0.956031977,0
0.184124505,0.986607143,0
0.183640419,0.765202703,0
0.182041446,0.512019231,0
0.180012485,0.878004808,0
0.189499818,0.6375,0
0.179274115,0.389476103,0
0.178277278,1.051930147,0
0.17799014,1.389945652,0
0.185981895,1.141845703,0
0.182457003,0.867820946,0
0.17824215,0.587139423,0
0.178319027,0.846608232,0
0.180947897,0.805191532,0
0.181409452,0.643066406,0
0.140026485,0.549913194,0
0.151008289,0.496424788,0
0.124012866,0.54296875,0
0.211044484,0.710677083,0
0.212146433,0.765243902,0
0.20148412,1.089488636,0
0.200262087,0.7546875,0
0.21255976,1.141276042,0
0.197223848,0.875,0
0.203374923,1.226190476,0
0.220205981,1.362268519,0
0.202825881,0.984157986,0
0.194073515,0.767578125,0
0.152944897,0.585658482,0
0.155800819,0.298076923,0
0.154570962,0.299913194,0
0.143847996,0.441497093,0
0.160411482,0.43359375,0
0.158762249,0.586143092,0
0.162269222,0.33125,0
0.144257305,0.416834677,0
0.149385631,0.440104167,0
0.148225799,0.745117188,0
0.137711841,0.652549342,0
0.152058435,0.581659226,0
0.140650682,0.882472826,0
0.139010309,0.498046875,0
0.149025235,0.359193314,0
0.161514071,0.642663043,0
0.15303115,0.293229167,0
0.165355154,0.3171875,0
0.1018246,0.049479167,0
0.14639904,0.06200133,0
0.105003408,0.0859375,0
0.117169571,0.081182065,0
0.143704465,0.041619318,0
0.140367974,0.05859375,0
0.11701903,0.038217905,0
0.138468725,0.046205357,0
0.145217672,0.050223214,0
0.135489626,0.068684896,0
0.121231112,0.020833333,0
0.11133414,0.061770833,0
0.141565645,0.09375,0
0.14149815,0.143049569,0
0.15201312,0.141071429,0
0.156963472,0.152777778,0
0.150493825,0.107371795,0
0.168878635,0.1359375,0
0.142579035,0.058919271,0
0.164679901,0.134765625,0
0.112687253,0.113671875,0
0.156614721,0.100497159,0
0.115779644,0.038054435,0
0.155083233,0.090731534,0
0.144099297,0.125229779,0
0.122625808,0.09129902,0
0.121726569,0.080630896,0
0.133555325,0.105208333,0
0.134741473,0.0546875,0
0.149421632,0.108162716,0
0.135389781,0.030330882,0
0.167119878,0.517578125,0
0.160042863,0.41809082,0
0.15792779,0.518851902,0
0.15776402,0.472146739,0
0.162870363,0.750450721,0
0.155476145,0.83984375,0
0.159722839,0.669389205,0
0.161952692,0.862109375,0
0.157540562,0.529785156,0
0.159541688,0.399305556,0
0.161737037,0.575608474,0
0.160392269,0.467484086,0
0.162316481,0.559179688,0
0.170230715,0.541326349,0
0.16529042,0.458577474,0
0.165112645,0.537109375,0
0.157679531,0.361703726,0
0.158820459,0.424194336,0
0.155635495,0.40629069,0
0.160830332,0.468554688,0
0.160068622,0.432761863,0
0.160138768,0.42932581,0
0.162168424,0.384803185,0
0.157810877,0.483210637,0
0.162937759,0.245117188,0
0.169365225,0.317789714,0
0.176899269,0.291841947,0
0.180986469,0.390412704,0
0.162745367,0.38170856,0
0.162915114,0.229101563,0
0.164745445,0.340625,0
0.167338041,0.370703125,0
0.156585481,0.408528646,0
0.157872035,0.329499421,0
0.166121774,0.499378551,0
0.155039317,0.560037364,0
0.156853743,0.408841647,0
0.159887774,0.673828125,0
0.163350794,0.916748047,0
0.158536669,0.742750901,0
0.156645212,0.514573317,0
0.163433734,0.440538194,0
0.166418381,0.654296875,0
0.159546822,0.932241587,0
0.157763356,0.575420673,0
0.151965312,0.625904225,0
0.160545302,0.574261209,0
0.15556504,0.451049805,0
0.164134559,0.429144965,0
0.170777767,0.4671875,0
0.162350168,0.420532227,0
0.158781189,0.4609375,0
0.158107989,0.272964015,1
0.182855441,0.258969907,1
0.199806519,0.250446429,1
0.195280367,0.26953125,1
0.208504367,0.26078869,1
0.168425741,0.253125,1
0.179981858,0.207331731,1
0.204517972,0.205,1
0.198292199,0.357244318,1
0.184249822,0.222981771,1
0.191794364,0.839015152,1
0.193004112,0.64762931,1
0.190890095,0.65625,1
0.184484372,0.797916667,1
0.188505133,0.451864919,1
0.197476196,0.336647727,1
0.16088384,0.741145833,1
0.148414402,1.032552083,1
0.109310616,1.224121094,1
0.146511403,0.411931818,1
0.110727277,0.680706522,1
0.156553724,0.367647059,1
0.160744866,0.462357955,1
0.118206531,0.372282609,1
0.122706013,0.610608553,1
0.163702,0.7265625,1
0.113638445,0.825892857,1
0.149002415,0.608695652,1
0.164125457,0.172585227,1
0.111292518,0.7765625,1
0.102787468,0.788240132,1
0.194571401,0.152478448,1
0.196781155,0.15625,1
0.179691602,0.08984375,1
0.16203039,0.182528409,1
0.190215053,0.162574405,1
0.187582879,0.165104167,1
0.191088513,0.173583984,1
0.196845425,0.224137931,1
0.190288245,0.222146739,1
0.193005145,0.188368056,1
0.192572599,0.719172297,1
0.195583432,0.4628125,1
0.196644232,0.4440625,1
0.182440869,0.44875,1
0.089693383,2.253551136,1
0.199742564,0.885850694,1
0.204621415,0.403993056,1
0.196856029,0.419397866,1
0.193074104,0.42588141,1
0.209932902,1.33625,1
0.194557358,1.494270833,1
0.184438371,0.299862132,1
0.201047995,0.83110119,1
0.193981463,0.291666667,1
0.163784611,0.1890625,1
0.183205764,0.3215625,1
0.196074295,0.206149194,1
0.176221992,0.390213816,1
0.190768671,0.184151786,1
0.197063508,0.234765625,1
0.187836719,0.206620066,1
0.187574408,0.491159539,1
0.190975193,0.2078125,1
0.151096729,0.298233696,1
0.115401638,0.929129464,1
0.116212696,0.279605263,1
0.168122113,0.6875,1
0.132476953,0.338404605,1
0.134785266,0.52173913,1
0.144418544,0.509300595,1
0.137426088,0.716517857,1
0.135907894,0.305588942,1
0.150480818,0.75625,1
0.148950836,0.243359375,1
0.10914848,0.359375,1
0.158417241,0.3590625,1
0.116001833,0.338169643,1
0.097732542,0.525607639,1
0.134044916,0.396634615,1
0.090370268,0.832201087,1
0.125000139,0.371582031,1
0.134858715,0.477864583,1
0.119566652,0.8775,1
0.149453726,0.446875,1
0.146231945,0.383333333,1
0.164104281,0.479779412,1
0.10846989,0.279211957,1
0.130742334,0.301663306,1
0.137549749,0.534667969,1
0.14656013,0.640299479,1
0.132145249,0.577059659,1
0.157879727,0.5,1
0.146695447,0.664496528,1
0.186963134,0.225203804,1
0.188916036,0.135625,1
0.170603559,0.108537946,1
0.135012753,0.130408654,1
0.151657728,0.161258013,1
0.092092441,0.0078125,1
0.143582842,0.161865234,1
0.166235766,0.244791667,1
0.16838094,0.212611607,1
0.165228566,0.17568109,1
0.157698842,0.921875,1
0.169935137,0.599826389,1
0.164855128,0.441964286,1
0.126920275,0.342391304,1
0.15531325,0.373798077,1
0.123551974,0.319010417,1
0.093453268,0.623697917,1
0.202326264,0.178030303,1
0.172249722,0.1953125,1
0.186009021,0.157608696,1
0.189460151,0.218098958,1
0.149952702,0.1875,1
0.183064351,0.213541667,1
0.184209025,0.195052083,1
0.173658044,0.210205078,1
0.192676718,0.188657407,1
0.141928228,0.30078125,1
0.232672936,0.329282407,1
0.240457975,0.55703125,1
0.238940486,0.594642857,1
0.22058183,0.752377717,1
0.228816471,0.456845238,1
0.236606928,0.795496324,1
0.227854808,0.549278846,1
0.240844029,0.638849432,1
0.235349031,0.580180921,1
0.230710789,0.880729167,1
0.210701254,0.4109375,1
0.147858443,0.161979167,1
0.146023156,0.23625,1
0.14921754,0.374155405,1
0.151477444,0.282589286,1
0.141404115,0.084821429,1
0.142751589,0.15,1
0.139297397,0.549768519,1
0.140068381,0.078325321,1
0.141179625,0.078613281,1
0.152174047,0.502887228,1
0.131780894,1.044270833,1
0.147401473,0.53515625,1
0.127858166,0.777209052,1
0.179917295,0.738581731,1
0.161226593,0.872767857,1
0.16725161,0.443181818,1
0.198253671,1.043870192,1
0.195885106,0.71875,1
0.190886421,1.451302083,1
0.190251435,0.653320313,1
0.143916265,0.485085227,1
0.190951312,0.79375,1
0.218413682,1.534950658,1
0.194774015,1.4890625,1
0.191589243,1.2703125,1
0.19479377,0.62890625,1
0.183476759,0.583333333,1
0.182179612,0.765625,1
0.18659402,0.451822917,1
0.187124579,0.191840278,1
0.182967874,0.204044118,1
0.179249623,0.690429688,1
0.174400819,0.969375,1
0.179355393,0.767427885,1
0.175790887,0.493951613,1
0.183481249,0.7734375,1
0.183357687,0.859375,1
0.179977945,0.748604911,1
0.181511631,0.432154605,1
0.188897692,1.002717391,1
0.18075013,0.279513889,1
0.18362136,0.201388889,1
0.149785064,0.786328125,1
0.183137591,0.287224265,1
0.181565202,0.543174342,1
0.179578634,0.616030093,1
0.193146403,1.277157738,1
0.163613717,0.740579044,1
0.167783897,0.182692308,1
0.176985162,0.802083333,1
0.185294175,0.825246711,1
0.182024649,0.640024038,1
0.138120228,0.793973214,1
0.177722738,0.231026786,1
0.181115201,1.19921875,1
0.17954194,0.194661458,1
0.171668864,0.198893229,1
0.181751694,0.557291667,1
0.189257062,1.364375,1
0.179009963,0.949544271,1
0.179854592,0.184659091,1
0.184168806,0.184210526,1
0.185847199,0.203125,1
0.187073799,0.653356481,1
0.18304616,0.235416667,1
0.174857232,0.5078125,1
0.17463269,0.681451613,1
0.172271176,0.541903409,1
0.185716982,1.372395833,1
0.180496429,0.98828125,1
0.183245856,0.668346774,1
0.180675556,0.676793981,1
0.187324392,0.578125,1
0.188029756,0.685546875,1
0.166078098,0.844618056,1
0.179289108,0.810546875,1
0.179178834,0.5659375,1
0.181347325,0.740625,1
0.178690501,0.59205163,1
0.1871152,0.269252232,1
0.186071497,0.549753289,1
0.177679948,0.472146739,1
0.184310609,0.756835938,1
0.163239107,0.695913462,1
0.178307366,0.312288851,1
0.174688323,0.430147059,1
0.183371888,0.473090278,1
0.176946779,0.375600962,1
0.174035475,0.504136029,1
0.177265765,0.596127717,1
0.173641546,0.634967672,1
0.188222184,0.519097222,1
0.177919597,0.56015625,1
0.176907314,0.693209135,1
0.187024799,1.530790441,1
0.192816887,0.550520833,1
0.184309404,0.236505682,1
0.184889342,0.557725694,1
0.185992534,0.257161458,1
0.186647078,0.949609375,1
0.181182549,0.215247845,1
0.185174046,0.746484375,1
0.168612886,0.258300781,1
0.178653418,0.833007813,1
0.187176669,0.623535156,1
0.189260354,0.692595109,1
0.184892871,0.189453125,1
0.163067204,0.84765625,1
0.181922591,0.509868421,1
0.181995688,0.244140625,1
0.177298053,0.18359375,1
0.178389481,0.976325758,1
0.174523844,0.206861413,1
0.177370741,0.947265625,1
0.154071439,0.56640625,1
0.181191431,0.6453125,1
0.181964222,0.845833333,1
0.183098304,0.205295139,1
0.182713507,0.226151316,1
0.171319139,0.673135081,1
0.168163038,0.356060606,1
0.174173532,1.0246875,1
0.183173193,0.708705357,1
0.17789608,0.599158654,1
0.188307347,0.4609375,1
0.179749589,0.898828125,1
0.180533618,0.654017857,1
0.197216458,0.209321121,1
0.18913327,0.181884766,1
0.176733399,0.179265203,1
0.182050791,0.196546053,1
0.192711322,0.465517241,1
0.201748377,0.228236607,1
0.192628831,0.301185345,1
0.206335337,0.183001894,1
0.195929487,0.226140203,1
0.189912809,0.212553879,1
0.168597658,0.142578125,1
0.159715,0.133854167,1
0.194125015,0.88875,1
0.172585728,0.552001953,1
0.182063734,0.128125,1
0.175248259,0.125625,1
0.172678832,0.344835069,1
0.161152946,0.149456522,1
0.170131639,0.155172414,1
0.177046702,0.220880682,1
0.154080446,0.610753676,1
0.162341173,0.338942308,1
0.151754544,0.784179688,1
0.141082907,0.633333333,1
0.141616514,0.380208333,1
0.165804326,0.197265625,1
0.152197551,0.859375,1
0.129146276,0.700892857,1
0.175554269,0.796274038,1
0.148974544,0.407483553,1
0.197722838,1.0453125,1
0.19137372,1.122070313,1
0.189153875,0.5484375,1
0.191702353,0.977163462,1
0.183433207,0.871651786,1
0.186465568,0.487760417,1
0.19820339,0.550951087,1
0.187629034,0.517578125,1
0.200702042,0.195012019,1
0.173249738,0.143415179,1
0.182299692,0.164566532,1
0.183495166,0.198939732,1
0.173271499,0.183238636,1
0.173639025,0.192522321,1
0.200115562,0.174479167,1
0.196405992,0.209635417,1
0.170211942,0.180555556,1
0.172286018,0.276241987,1
0.20493788,0.251736111,1
0.157168627,0.31640625,1
0.195860836,0.236752717,1
0.188226793,0.25,1
0.22237339,0.268229167,1
0.192049961,0.316761364,1
0.201929499,0.264914773,1
0.198050632,0.204545455,1
0.193962059,0.242766204,1
0.195739595,0.260216346,1
0.171870667,0.241122159,1
0.178197286,0.144003378,1
0.173822008,0.197591146,1
0.172108228,0.06640625,1
0.171769968,0.0959375,1
0.188872268,0.2315625,1
0.175107809,0.068296371,1
0.179418077,0.151654412,1
0.183200597,0.184895833,1
0.160173684,0.216594828,1
0.08560587,0.188858696,1
0.082005982,0.252197266,1
0.078847187,0.436662946,1
0.121445506,0.283333333,1
0.093402309,0.240056818,1
0.10262336,0.248816288,1
0.091790714,0.2578125,1
0.112574609,0.3209375,1
0.097562091,0.255774457,1
0.088831313,0.215297965,1
0.164784249,0.0078125,1
0.135120044,0.0078125,1
0.152414448,0.0078125,1
0.15025502,0.0078125,1
0.151283266,0.0078125,1
0.153288707,0.0078125,1
0.139305284,0.0078125,1
0.165542199,0.0078125,1
0.153645359,0.0078125,1
0.152673827,0.0078125,1
0.162205157,0.663461538,1
0.168252203,0.084635417,1
0.163490852,0.186298077,1
0.169579909,0.133820565,1
0.17030936,0.064822635,1
0.161641466,0.0859375,1
0.169751775,0.099946121,1
0.166077721,0.182565789,1
0.16653757,0.190716912,1
0.173451065,0.153545673,1
0.208291796,1.364257813,1
0.208232073,0.799739583,1
0.19938681,0.8984375,1
0.195679389,0.935396635,1
0.195604546,1.055226293,1
0.200324564,1.131510417,1
0.212681151,1.740885417,1
0.198039226,0.508877841,1
0.218551887,0.474609375,1
0.198203005,0.714154412,1
0.202647026,1.107758621,1
0.217758842,1.109085648,1
0.191456142,0.6421875,1
0.200153781,0.813858696,1
0.198024236,0.831054688,1
0.199377188,0.454503676,1
0.212810959,1.007512019,1
0.206478817,0.472916667,1
0.205792821,1.044270833,1
0.141797816,0.445746528,1
0.132462919,1.029194079,1
0.141132927,0.471484375,1
0.121075855,0.322916667,1
0.222557054,0.554956897,1
0.232753599,0.239501953,1
0.211562908,0.2509375,1
0.227930987,0.191685268,1
0.229993022,0.2428125,1
0.220802047,0.636008523,1
0.217509276,0.362792969,1
0.228902748,0.4296875,1
0.226668815,0.330965909,1
0.240260308,0.299609375,1
0.112153434,0.501233553,1
0.125845527,0.361505682,1
0.155449633,0.818014706,1
0.098269155,0.3775,1
0.206577263,1.217237903,1
0.212319701,1.327929688,1
0.19501289,0.348090278,1
0.196432361,0.69233631,1
0.197275307,0.775240385,1
0.195068971,1.466145833,1
0.204446479,0.956163194,1
0.208832034,0.693953804,1
0.210459733,1.0234375,1
0.190465452,0.866935484,1
0.183869594,0.358506944,1
0.199527334,0.221827652,1
0.191485408,0.249553571,1
0.199919658,0.194711538,1
0.1673555,0.171875,1
0.177619094,0.325757576,1
0.191765203,0.3546875,1
0.177299355,0.21875,1
0.193123121,0.635881696,1
0.17637473,0.322443182,1
0.182661661,0.365423387,1
0.175855657,0.3015625,1
0.188125673,0.297916667,1
0.184872292,0.308159722,1
0.155181437,0.244612069,1
0.147606295,0.302671371,1
0.185416893,0.283100329,1
0.167022036,0.29921875,1
0.133212089,0.290127841,1
0.098083795,0.581825658,1
0.123061811,0.447467672,1
0.131747799,0.506433824,1
0.163938529,0.591619318,1
0.134813246,0.441271552,1
0.13755588,0.520220588,1
0.116584915,0.274739583,1
0.142297432,0.308189655,1
0.132895065,1.079545455,1
0.198808243,0.33203125,1
0.192887351,0.18359375,1
0.185658944,0.475625,1
0.175181158,0.180059524,1
0.173016114,0.180706522,1
0.164126357,0.26171875,1
0.161993334,0.1375,1
0.187154301,0.637408088,1
0.184956709,0.275195313,1
0.186187845,0.232244318,1
0.123722281,0.0078125,1
0.119571977,0.0078125,1
0.116365795,0.0078125,1
0.110500326,0.0078125,1
0.139629217,0.0078125,1
0.185813096,1.519258721,1
0.190443114,1.22339527,1
0.186106644,1.358297414,1
0.18842533,1.474739583,1
0.186389401,1.728472222,1
0.179014915,2.264914773,1
0.181433571,1.644176136,1
0.187369211,1.56015625,1
0.180185515,1.797883065,1
0.18151919,1.270220588,1
0.196022493,0.206801471,1
0.175176656,0.18046875,1
0.196104997,0.202148438,1
0.171523345,0.184303977,1
0.161731168,0.185112847,1
0.177351431,0.250585938,1
0.173757232,0.167447917,1
0.185009125,1.706380208,1
0.167053105,1.476728723,1
0.186489445,1.350625,1
0.179202232,1.346191406,1
0.194485541,1.48671875,1
0.178228426,1.500600962,1
0.185406911,1.40943287,1
0.183985308,1.128605769,1
0.178599746,1.386101974,1
0.181390396,1.846554487,1
0.201065556,0.219951923,1
0.157375262,0.175271739,1
0.196102298,0.226875,1
0.189054693,0.3575,1
0.169399623,0.153459821,1
0.193956142,0.199375,1
0.178393402,0.436677632,1
0.169128949,0.183482143,1
0.178314605,0.302083333,1
0.175185212,0.180027174,1
0.13098794,0.215745192,1
0.131295959,0.392857143,1
0.128641752,0.405208333,1
0.139407576,0.358530405,1
0.133659057,0.222916667,1
0.172449786,0.502197266,1
0.147018568,0.380387931,1
0.15219601,0.320043103,1
0.150955689,0.531494141,1
0.152845842,0.5415625,1
0.187396161,1.613685345,1
0.182404794,0.393229167,1
0.194089842,0.200520833,1
0.188552594,0.599264706,1
0.184391419,0.63744213,1
0.18182119,0.6678125,1
0.182572402,0.912446121,1
0.189711021,1.050551471,1
0.187650285,0.668294271,1
0.194946313,0.993389423,1
0.193279265,0.601058468,1
0.188718626,0.491796875,1
0.18850096,1.029119318,1
0.190071019,0.492431641,1
0.188299313,0.8046875,1
0.188394824,0.715692935,1
0.190075956,0.389322917,1
0.194601256,0.54296875,1
0.200158191,0.608796296,1
0.19483981,0.8246875,1
0.184596918,0.691300676,1
0.170118982,0.1834375,1
0.190074261,0.434210526,1
0.184568153,0.961681548,1
0.185224861,0.992745536,1
0.184946027,0.830193015,1
0.183852561,0.185546875,1
0.186660773,1.21484375,1
0.193390985,0.48046875,1
0.191173549,0.458333333,1
0.189056909,0.192871094,1
0.1870272,0.905348558,1
0.190584259,1.309795673,1
0.187009289,0.197115385,1
0.189954108,0.859747024,1
0.189418354,0.555606618,1
0.191221669,0.540885417,1
0.188686654,0.188476563,1
0.189177184,0.543887868,1
0.187128281,0.476779514,1
0.187340431,0.69140625,1
0.18970823,1.090909091,1
0.185421947,1.120008681,1
0.188305003,1.018465909,1
0.185928218,0.799804688,1
0.190361068,0.765625,1
0.185801717,0.539641204,1
0.183106973,1.0078125,1
0.181895083,1.157510081,1
0.191078812,0.736458333,1
0.192780102,0.953125,1
0.187154459,0.512319712,1
0.190165893,0.578377016,1
0.191504402,0.918154762,1
0.191832248,1.150065104,1
0.194471443,0.602822581,1
0.185135661,0.637961648,1
0.180866435,0.372098214,1
0.183527368,0.269419643,1
0.187763583,0.577845982,1
0.183570922,0.402604167,1
0.184307426,0.704910714,1
0.183731622,0.807091346,1
0.184144139,0.705729167,1
0.186874447,0.190104167,1
0.181815358,0.475852273,1
0.191414983,0.618652344,1
0.198401796,1.264322917,1
0.186401507,0.360131048,1
0.191922831,0.752377717,1
0.186832525,0.178571429,1
0.197305772,0.200721154,1
0.18925004,0.198709239,1
0.188018666,0.300321691,1
0.187644344,1.041903409,1
0.180852714,0.188419118,1
0.184779552,0.829861111,1
0.1873453,1.189453125,1
0.189567466,0.888346354,1
0.18355065,0.622596154,1
0.189283042,1.252477134,1
0.191929021,0.769345238,1
0.186319651,0.489955357,1
0.186823415,0.685614224,1
0.182894613,0.902573529,1
0.181308458,0.185997596,1
0.185120342,0.497395833,1
0.190998295,0.526953125,1
0.193185696,0.895720109,1
0.185433437,0.975520833,1
0.198801928,0.3984375,1
0.192037631,1.032894737,1
0.193316903,0.6734375,1
0.191786002,0.646205357,1
0.180395779,0.907407407,1
0.1929573,0.799316406,1
0.187567148,0.197716346,1
0.189139373,0.802389706,1
0.193135576,1.862215909,1
0.195470072,0.797554348,1
0.194838817,1.545106132,1
0.193274273,0.80859375,1
0.179755017,0.819791667,1
0.203086748,1.342013889,1
0.180709738,1.596732955,1
0.185590297,1.613002232,1
0.160934429,1.351721939,1
0.180561524,1.195738636,1
0.178587011,1.607271635,1
0.190331164,1.886917373,1
0.189753951,1.14283288,1
0.169863389,1.054142442,1
0.194338407,1.619140625,1
0.185102314,1.317522321,1
0.163750015,1.224609375,1
0.158723987,1.347905585,1
0.191305827,1.278645833,1
0.173801083,1.278362772,1
0.190493803,1.866338315,1
0.199900983,1.46875,1
0.168873089,1.133609694,1
0.174468009,1.301977041,1
0.211902102,1.89401533,1
0.192090408,1.558823529,1
0.205179994,0.667747642,1
0.197103599,1.682904412,1
0.179855479,1.862533245,1
0.212057895,0.745738636,1
0.198008914,1.008965164,1
0.186863526,0.999441964,1
0.182312372,1.422056686,1
0.184853085,1.040178571,1
0.187259682,1.440104167,1
0.220023443,1.773632813,1
0.204051736,0.713465074,1
0.189495767,1.351004464,1
0.201001923,1.858963816,1
0.166054207,1.64188058,1
0.202306162,0.622677365,1
0.177583117,0.977008929,1
0.187030584,1.2365625,1
0.18051327,1.577845982,1
0.181741361,1.508477394,1
0.179513903,1.338627049,1
0.190810773,1.155838816,1
0.193120769,2.131855867,1
0.173024838,1.380420918,1
0.20023175,0.976973684,1
0.206318834,1.256478659,1
0.187251562,1.6865625,1
0.134672887,1.3725,1
0.205159419,1.578835227,1
0.194693507,1.966538915,1
0.178734545,1.57453125,1
0.196899113,1.999865302,1
0.189529463,0.916619318,1
0.15186193,1.958629261,1
0.205296017,2.106445313,1
0.175580895,2.199448529,1
0.166966294,1.373863636,1
0.164179934,0.482291667,1
0.132305629,0.571514423,1
0.146526322,0.524639423,1
0.115789285,0.452256944,1
0.138592214,0.533110119,1
0.174879769,1.05,1
0.210423884,0.231971154,1
0.213026391,0.236886161,1
0.211406724,0.559326172,1
0.235684653,0.395559211,1
0.204464415,0.274147727,1
0.229987028,0.241071429,1
0.224571923,0.239809783,1
0.217966998,0.251602564,1
0.201866675,0.261914063,1
0.207709318,0.234130859,1
0.114828111,0.556525735,1
0.12295648,1.290798611,1
0.128304909,0.458881579,1
0.118338679,1.204427083,1
0.127114906,0.4046875,1
0.143132973,0.735839844,1
0.110502983,0.732928241,1
0.139254029,0.515625,1
0.111153595,0.336292614,1
0.222930326,1.957694575,1
0.218169819,1.12549867,1
0.223278784,1.042719415,1
0.215388321,1.0359375,1
0.225229966,1.311458333,1
0.211237578,2.676988636,1
0.227536743,1.158353365,1
0.227683168,1.258246528,1
0.222548873,0.861328125,1
0.214581896,0.984809028,1
0.216808914,1.150026483,1
0.21847797,1.049202128,1
0.195366938,1.118938578,1
0.230790543,1.189002404,1
0.229938254,1.888183594,1
0.221970733,1.31349734,1
0.227550491,0.947544643,1
0.219501983,1.74375,1
0.218647391,0.787860577,1
0.222227856,1.818558673,1
0.226664143,1.412109375,1
0.219184633,2.059895833,1
0.235652844,0.821484375,1
0.212134624,0.499273256,1
0.217904782,1.986816406,1
0.226650315,1.443978659,1
0.211401313,1.228365385,1
0.219425186,1.921875,1
0.2219837,1.278161337,1
0.212030757,0.429332386,1
0.225683966,1.5421875,1
0.209008272,1.171432783,1
0.226640031,1.988769531,1
0.216473486,1.330078125,1
0.199537462,2.12652439,1
0.209175822,1.392857143,1
0.219691273,0.826388889,1
0.219218722,2.026147959,1
0.211588338,0.946614583,1
0.206963676,0.930803571,1
0.219733825,1.573660714,1
0.224958019,1.40013587,1
0.229328819,1.015625,1
0.21781586,1.2,1
0.21563375,1.411556604,1
0.223532436,1.110224185,1
0.227945965,1.411414195,1
0.232794294,1.178960756,1
0.215536303,1.182397959,1
0.215310828,0.935461957,1
0.223748188,0.883806818,1
0.227806929,0.966686321,1
0.223672002,0.597146739,1
0.224133754,1.308933424,1
0.217978586,1.068229167,1
0.219379008,0.940358232,1
0.2134508,1.270507813,1
0.211927783,1.596354167,1
0.219100411,1.022949219,1
0.230981456,2.072916667,1
0.241380982,2.169819079,1
0.23689484,1.028645833,1
0.227438751,1.372395833,1
0.229041312,2.0703125,1
0.242639127,1.648105053,1
0.234023328,1.449375,1
0.231254419,1.309442935,1
0.240723722,1.405273438,1
0.238363862,0.8359375,1
0.242081615,0.818080357,1
0.234879939,1.524305556,1
0.247040684,2.13231383,1
0.22303131,0.706571691,1
0.235686019,1.828125,1
0.232222065,1.238970588,1
0.226452461,1.213199013,1
0.231644001,1.095578457,1
0.225668322,1.412224265,1
0.235667829,1.240513393,1
0.230991781,2.288628472,1
0.23649767,1.147170608,1
0.236732245,1.955030488,1
0.232292885,1.876674107,1
0.238730162,1.350911458,1
0.225288268,1.545410156,1
0.22605443,0.8578125,1
0.235331862,1.194222384,1
0.224207222,0.87279212,1
0.234231983,1.271364796,1
0.232346856,1.567764946,1
0.236702867,1.931349734,1
0.231746423,1.249479167,1
0.244356447,1.234556686,1
0.229128962,1.179332386,1
0.229655583,1.30640625,1
0.219048909,0.882568359,1
0.251123759,1.891544118,1
0.234898108,1.208789063,1
0.240940605,1.353889628,1
0.229128716,1.480674342,1
0.234016328,0.90625,1
0.231515301,1.1484375,1
0.225222031,0.789273649,1
0.227054634,1.408743351,1
0.229929333,1.350097656,1
0.238154757,1.076822917,1
0.223609704,1.689891582,1
0.229677906,1.736143868,1
0.23530398,1.272321429,1
0.241219727,1.039425872,1
0.239603505,2.095525568,1
0.243266303,1.597478693,1
0.239258548,1.655729167,1
0.234359874,1.083639706,1
0.238050797,2.496811224,1
0.236232301,1.379011824,1
0.223881963,0.848575368,1
0.234866865,1.130859375,1
0.237093052,0.992852394,1
0.227773489,1.469308036,1
0.211671084,1.488553779,1
0.219896295,1.4765625,1
0.211706579,1.497829861,1
0.205005595,1.362912736,1
0.209420143,1.99119016,1
0.213095258,1.227764423,1
0.235135359,0.702368952,1
0.206872787,2.084872159,1
0.215239227,0.728557181,1
0.213737519,1.405761719,1
0.212189915,1.925551471,1
0.210748881,1.374202806,1
0.219168274,0.820898438,1
0.210290728,1.936336436,1
0.212587563,1.141113281,1
0.216850926,1.783007813,1
0.208559075,1.444972826,1
0.21193939,1.854980469,1
0.203774998,1.036317568,1
0.221137234,1.073167067,1
0.212189915,1.925551471,1
0.215938526,1.426011029,1
0.217128649,1.145007622,1
0.227865415,0.662234043,1
0.211289835,2.248046875,1
0.22366165,1.119140625,1
0.209221001,1.385044643,1
0.221671113,1.774902344,1
0.220354296,1.012300532,1
0.216292317,1.335379464,1
0.211986629,1.695675872,1
0.227476157,1.921386719,1
0.217874989,1.060267857,1
0.214264747,1.24375,1
0.2159557,1.029349662,1
0.224343594,1.835258152,1
0.222995668,1.249830163,1
0.214056833,1.260416667,1
0.216875274,1.3203125,1
0.209738077,1.190529337,1
0.219963868,1.873958333,1
0.224265799,1.719238281,1
0.219411767,2.544270833,1
0.227341458,1.131138393,1
0.214310592,1.931046196,1
0.227390475,1.000558036,1
0.219834427,1.077059659,1
0.224762461,2.15625,1
0.213947534,1.073317308,1
0.206663807,1.436311141,1
0.224028657,2.21484375,1
0.207189192,1.423076923,1
0.209110997,1.840561224,1
0.218750611,1.998653017,1
0.217759835,1.0734375,1
0.225945583,2.28609375,1
0.217310903,2.408653846,1
0.208652413,0.689405488,1
0.218040353,2.142857143,1
0.214634453,1.219983553,1
0.196580118,1.566964286,1
0.200791916,1.38515625,1
0.198941667,1.055481992,1
0.189935652,1.116727941,1
0.191167916,1.244140625,1
0.202975109,1.47234375,1
0.187942429,1.678125,1
0.210705839,1.355646307,1
0.196092377,1.320675872,1
0.201184956,0.825585938,1
0.1934236,1.494260204,1
0.226478185,0.50859375,1
0.18421457,1.788174716,1
0.205306866,1.742852394,1
0.198508319,1.023074128,1
0.190139523,1.431525735,1
0.179583907,1.847395833,1
0.196553749,2.059795673,1
0.183958715,1.357380319,1
0.158390305,0.883928571,1
0.159802012,1.375887784,1
0.157635536,1.011488971,1
0.198872415,0.85952524,1
0.218154765,0.825218023,1
0.187522619,1.17375,1
0.21072579,0.475534539,1
0.187363484,1.690770349,1
0.186625962,1.624565972,1
0.151091377,1.493303571,1
0.219245666,1.589154412,1
0.19833254,1.379788306,1
0.189877516,1.275735294,1
0.213771735,1.2984375,1
0.217736489,1.157924107,1
0.21607751,0.95184949,1
0.213027424,0.75375,1
0.216980153,0.927933673,1
0.213487728,1.166294643,1
0.190483599,1.24624399,1
0.193710279,1.2525,1
0.176412759,1.373591189,1
0.205375603,1.330528846,1
0.207585306,1.751838235,1
0.21422344,2.030965909,1
0.209567347,1.408547794,1
0.214662135,0.962402344,1
0.217266096,1.532366071,1
0.205578206,0.996512277,1
0.211984811,1.503989362,1
0.200403464,1.239889706,1
0.218399233,0.9525,1
0.211016895,0.966264205,1
0.185643489,1.077674279,1
0.212496383,1.044497283,1
0.206904002,1.10953125,1
0.217667762,1.407206633,1
0.212276906,1.208533654,1
0.209597977,1.192216981,1
0.206026971,0.861979167,1
0.181569362,0.649639423,1
0.186083384,2.153808594,1
0.180046395,0.590625,1
0.187499927,1.2028125,1
0.190682452,1.338994565,1
0.202500051,1.68203125,1
0.200924749,1.614940068,1
0.203154175,0.788651316,1
0.202954365,1.828480114,1
0.195877606,1.8125,1
0.186783802,2.591579861,1
0.204408329,1.518359375,1
0.194936806,2.174665179,1
0.200318649,1.24660967,1
0.199749059,1.95577567,1
0.204333512,1.507653061,1
0.209809077,1.782441737,1
0.213389879,1.389361213,1
0.210113825,1.616642442,1
0.206021644,1.299632353,1
0.203236439,1.474051339,1
0.21145984,1.069148936,1
0.210414489,1.909492925,1
0.219018256,0.907752404,1
0.208020829,1.591517857,1
0.210409749,1.501399254,1
0.211602455,1.574609375,1
0.20390764,1.26512633,1
0.227755414,1.221679688,1
0.203464417,1.411236702,1
0.194187618,1.613207547,1
0.204193198,1.597470238,1
0.195283829,1.265625,1
0.195695598,1.735608553,1
0.214978108,1.803786058,1
0.198965572,1.115625,1
0.19945598,1.346550708,1
0.208884866,1.036658654,1
0.195140186,1.509698276,1
0.197539804,1.614746094,1
0.194072509,2.183667453,1
0.206801093,1.522553066,1
0.202309618,1.687897246,1
0.197149721,0.85407839,1
0.200494478,1.79296875,1
0.200741744,1.317555147,1
0.203961925,1.209558824,1
0.207664634,1.573545259,1
0.196981392,2.121757075,1
0.194940621,1.092275943,1
0.199949858,1.849028716,1
0.223073785,1.19125601,1
0.220989899,0.910714286,1
0.20079553,1.680226293,1
0.187673764,0.956779234,1
0.197504608,1.123535156,1
0.21153506,1.443004261,1
0.203408291,1.411998821,1
0.218046066,1.065848214,1
0.194929581,1.94838627,1
0.199844207,1.318638393,1
0.223197,2.041725852,1
0.23304081,0.914620536,1
0.233168218,1.614462209,1
0.223115588,0.885267857,1
0.238917034,1.391680743,1
0.221597791,0.66875,1
0.240397581,0.895198171,1
0.214916283,1.974451014,1
0.227642046,0.939453125,1
0.222596566,1.475945724,1
0.249636593,1.529641544,1
0.234201895,1.497532895,1
0.232455235,1.169806985,1
0.220120521,2.122043919,1
0.234934049,0.926339286,1
0.231074874,2.417317708,1
0.233656193,0.752268145,1
0.235297223,2.515443314,1
0.233375921,1.74609375,1
0.23804862,0.71875,1
0.232801981,1.536389803,1
0.226637782,2.229029605,1
0.216295024,1.217371324,1
0.240473729,1.487946429,1
0.237042194,1.466751453,1
0.22741351,1.420758929,1
0.231641649,1.306985294,1
0.22795681,1.562333777,1
0.221603276,2.957682292,1
0.231693341,1.560267857,1
0.230899611,1.052678571,1
0.238831091,1.326923077,1
0.233988659,1.935416667,1
0.239900553,1.929306402,1
0.237684578,1.916424419,1
0.239068806,1.66722973,1
0.215558697,1.236672794,1
0.229554778,1.937711149,1
0.235974229,1.790178571,1
0.236634528,2.002604167,1
0.235652503,0.908035714,1
0.234469134,1.111391129,1
0.241741811,1.068892045,1
0.240142073,1.24296875,1
0.236908959,1.571875,1
0.231282741,0.900965074,1
0.213689005,0.725976563,1
0.238772107,2.388444767,1
0.228432171,2.204358553,1
0.229857283,1.35546875,1
0.231880358,1.025045956,1
0.224478126,1.725109012,1
0.235271065,1.9921875,1
0.231195785,0.898615057,1
0.236490795,1.575137868,1
0.235520791,1.811132813,1
0.232346164,1.816692073,1
0.236016999,2.514160156,1
0.233651192,1.618785511,1
0.224630573,0.795454545,1
0.217831792,1.587688578,1
0.225117391,0.893554688,1
0.205418281,1.262207031,1
0.218292032,1.995888158,1
0.215346263,1.344726563,1
0.1995406,0.567595109,1
0.195653176,0.947150735,1
0.208453232,1.677329009,1
0.197566161,1.64390625,1
0.212020709,1.134566327,1
0.210300604,1.38234375,1
0.20368786,2.27290483,1
0.210141711,1.121744792,1
0.204997762,1.21875,1
0.213664459,1.177019817,1
0.195815579,1.862463663,1
0.21769321,0.629011824,1
0.209822639,1.164930556,1
0.204960935,1.505701014,1
0.203105894,0.892382813,1
0.219603047,2.410235969,1
0.216692865,1.228870739,1
0.201875551,0.79453125,1
0.190640518,1.16015625,1
0.207567441,0.883042279,1
0.200862057,1.196514423,1
0.204053253,1.040039063,1
0.188638679,0.787728659,1
0.202505364,1.192819149,1
0.194741022,0.757366071,1
0.199171239,0.853515625,1
0.190170334,1.543457031,1
0.185723954,0.714527027,1
0.183575451,0.947544643,1
0.201530628,0.551846591,1
0.192529031,1.480363176,1
0.199178207,1.397727273,1
0.200242696,0.631510417,1
0.194225901,0.74400436,1
0.190075918,1.118229167,1
0.20771249,0.890625,1
0.21452273,2.176081731,1
0.201144994,1.439368207,1
0.205949514,1.530061141,1
0.210656704,0.877232143,1
0.207655482,1.296415441,1
0.20008418,1.181490385,1
0.195194593,1.099028716,1
0.201564613,0.961956522,1
0.190970608,1.183333333,1
0.198073245,0.577083333,1
0.207359541,1.914789244,1
0.20005354,1.988458807,1
0.214102197,1.176235465,1
0.196701618,1.592045455,1
0.188373779,0.655771684,1
0.204985601,0.598214286,1
0.199258094,1.731382979,1
0.19734074,0.992365057,1
0.196860491,1.924958882,1
0.201463746,1.40953125,1
0.190687528,1.26046875,1
0.199282707,1.304199219,1
0.19040181,1.887784091,1
0.178187439,0.925531915,1
0.185682382,1.449424342,1
0.187497494,1.113502358,1
0.1979223,0.897460938,1
0.20321819,1.80890625,1
0.19063515,1.190789474,1
0.204114085,2.076208726,1
0.188922247,1.245793269,1
0.195861256,1.492633929,1
0.206145266,2.065369898,1
0.212369193,2.0625,1
0.203176574,1.227163462,1
0.195796863,1.527604167,1
0.218014342,1.18984375,1
0.204259258,1.59890625,1
0.19316472,1.220552885,1
0.220160741,1.680245536,1
0.23519694,1.70703125,1
0.215233445,1.36875,1
0.195625532,1.78515625,1
0.198185373,2.43650266,1
0.184624422,2.4921875,1
0.211933515,1.689732143,1
0.199823938,1.224609375,1
0.196161194,2.061990489,1
0.2129334,1.91068892,1
0.208619292,1.930889423,1
0.195723226,0.815917969,1
0.225966217,1.256510417,1
0.186698563,1.486683239,1
0.196092734,1.394230769,1
0.201421298,1.817223837,1
0.194570119,0.861177885,1
0.199545914,1.415039063,1
0.187364316,1.122596154,1
0.189685704,1.050685976,1
0.205918406,1.752790179,1
0.210470503,1.041503906,1
0.193137879,0.756696429,1
0.216444121,0.9140625,1
0.207135757,1.286132813,1
0.202352958,1.8125,1
0.188450896,2.516474185,1
0.196872692,2.12890625,1
0.177883254,1.405598958,1
0.186663706,1.740056818,1
0.195982845,0.473894817,1
0.209468738,1.601367188,1
0.190937428,1.692950581,1
0.211730186,1.691964286,1
0.196364322,1.79211128,1
0.21044863,1.586348684,1
0.195079761,1.973736702,1
0.19300562,1.662259615,1
0.18488985,0.604440789,1
0.194083393,1.90962358,1
0.190116065,2.139445755,1
0.19859962,1.015024038,1
0.186117611,1.318359375,1
0.191306096,0.692123724,1
0.184828522,0.708864796,1
0.195750488,2.076208726,1
0.184702632,1.303977273,1
0.181748894,1.225665984,1
0.181639229,2.094113372,1
0.196909306,1.056152344,1
0.186370118,0.832280585,1
0.193111653,1.6875,1
0.193460595,1.119977679,1
0.194249751,1.032528409,1
0.190408403,0.932513298,1
0.191336327,1.140997024,1
0.193605246,1.272058824,1
0.184142037,0.702682783,1
0.1863085,1.081163194,1
0.191055166,0.993669181,1
0.193508,1.026367188,1
0.187506064,1.603430707,1
0.177098438,1.305959302,1
0.185578892,2.284943182,1
0.185635395,1.115171371,1
0.190492533,0.886513158,1
0.187395541,1.388671875,1
0.202353577,0.729567308,1
0.184061634,0.812988281,1
0.181589692,1.199573864,1
0.201903799,1.611228814,1
0.188179187,1.15234375,1
0.187283512,1.706779234,1
0.176410081,1.372983871,1
0.193523363,1.484002976,1
0.188522388,1.013327206,1
0.184762134,1.658967391,1
0.193174533,1.469809322,1
0.185827215,0.57421875,1
0.184799701,1.637899709,1
0.187615753,1.537146226,1
0.188623997,1.081107955,1
0.194910192,1.566310976,1
0.19359881,1.576450893,1
0.181329791,1.568543632,1
0.190043867,1.675520833,1
0.196426044,0.533511513,1
0.184188485,1.273603723,1
0.191454714,1.280649038,1
0.186229971,1.940805288,1
0.185092628,1.7078125,1
0.189449863,1.151654412,1
0.1886873,1.6453125,1
0.193594779,0.939012097,1
0.182167618,1.337289663,1
0.213625895,1.680959302,1
0.180433057,1.55078125,1
0.185328324,1.654146635,1
0.184026429,1.104352679,1
0.18422428,0.747395833,1
0.237416787,1.651147959,1
0.232943235,1.53125,1
0.234240224,1.623046875,1
0.221881519,1.278362772,1
0.230886645,1.228236607,1
0.231964475,1.295686141,1
0.22569798,1.595833333,1
0.231343231,1.775082237,1
0.229057186,1.793207908,1
0.223205585,1.041772959,1
0.231010854,1.455915179,1
0.2358209,1.22503811,1
0.231453669,1.615835337,1
0.232098118,1.2271875,1
0.230718823,1.604352679,1
0.229766112,1.310461957,1
0.224950722,1.052246094,1
0.236146783,1.610677083,1
0.231686187,1.31776148,1
0.229661337,0.86665483,1
0.241433645,1.030273438,1
0.238103225,2.004807692,1
0.237496811,1.054245283,1
0.231732498,1.018168605,1
0.233867118,1.45,1
0.23756833,0.793048469,1
0.232781461,0.667668269,1
0.233097836,1.233173077,1
0.226397258,1.773290094,1
0.236347597,1.53568892,1
0.243272142,0.787609012,1
0.230687452,1.1671875,1
0.227052024,1.161132813,1
0.233010718,1.444550305,1
0.228311553,0.987723214,1
0.229717967,1.633370536,1
0.233652026,1.0434375,1
0.233301191,2.520148026,1
0.230967291,2.414572011,1
0.218758458,0.99662642,1
0.229889279,1.261284722,1
0.22469818,1.580915179,1
0.243528037,1.380729167,1
0.235350675,1.736586085,1
0.231767655,0.992506378,1
0.227112429,1.4828125,1
0.23918175,1.089557927,1
0.239820106,0.794016768,1
0.227305907,1.336894133,1
0.233744215,1.815104167,1
0.23448178,2.253038194,1
0.235183452,1.352741745,1
0.236364734,1.306783537,1
0.231595459,0.672044837,1
0.230144274,1.242621528,1
0.226241136,1.268118351,1
0.233061951,1.2759375,1
0.230125554,1.504934211,1
0.23433555,1.549431818,1
0.234485977,1.779255319,1
0.212329591,1.381097561,1
0.219597195,1.123242188,1
0.214555863,0.908052885,1
0.208305247,0.910524764,1
0.213144697,1.071354167,1
0.209864846,0.854651163,1
0.20933155,1.341921543,1
0.204821501,0.759375,1
0.217675355,0.930042614,1
0.214522596,0.701785714,1
0.200142415,1.233952703,1
0.207665201,0.907137784,1
0.206233015,1.094702744,1
0.210378654,1.3359375,1
0.216621254,2.228816106,1
0.215884644,1.385044643,1
0.213498294,0.720982143,1
0.218562879,1.11796875,1
0.201498854,0.856584821,1
0.215446567,0.78462358,1
0.21066062,1.10953125,1
0.21105379,2.523246951,1
0.209199092,1.301398026,1
0.209167732,1.449908088,1
0.213308529,1.930921053,1
0.211979382,2.123666159,1
0.208815301,1.250710227,1
0.205611475,1.12125,1
0.20206818,2.403782895,1
0.210082163,1.99828125,1
0.208788412,1.677455357,1
0.204749912,0.799266582,1
0.199078906,1.061448317,1
0.212140714,1.635,1
0.214283821,1.288043478,1
0.210882506,1.248728198,1
0.214413894,0.890146684,1
0.207049945,0.928925305,1
0.210395289,1.500442217,1
0.214594349,1.56625601,1
0.211271213,1.147135417,1
0.202932131,1.074048913,1
0.212578362,1.721153846,1
0.231192665,0.706054688,1
0.217736973,0.680320946,1
0.221780125,1.088778409,1
0.216755536,1.338485054,1
0.195595101,1.183866279,1
0.206082608,0.559895833,1
0.21211966,1.328506098,1
0.218444565,0.619055707,1
0.231190544,0.684121622,1
0.206534481,2.020647321,1
0.206353485,1.9765625,1
0.227335359,1.592633929,1
0.221791813,1.306770833,1
0.22123949,1.333333333,1
0.216632076,1.37890625,1
0.224902136,0.943704044,1
0.226824492,1.004261364,1
0.192547293,0.533967391,1
0.1733723,0.276241987,1
0.148297195,0.461647727,1
0.182471413,0.660665761,1
0.182597296,0.492931548,1
0.181791209,0.64546131,1
0.186687312,0.620404412,1
0.176745787,0.797475962,1
0.164252751,0.127170139,1
0.180373734,0.104992378,1
0.168980689,0.115171371,1
0.161249762,0.285773026,1
0.1564516,0.184027778,1
0.159796975,0.071915064,1
0.157165092,0.063802083,1
0.168690984,0.1703125,1
0.177761358,0.115451389,1
0.187892751,0.691611842,1
0.205945294,0.855208333,1
0.190773308,0.890136719,1
0.19291087,0.378396739,1
0.221302377,0.643359375,1
0.185824479,0.676470588,1
0.202216429,0.829545455,1
0.207088517,1.228027344,1
0.197404292,0.868359375,1
0.180954171,1.295036765,1
0.167043881,0.084302326,1
0.157235618,0.158511513,1
0.15268447,0.166852679,1
0.179039816,0.145507813,1
0.138869486,0.037790698,1
0.134838246,0.0078125,1
0.132349846,0.0078125,1
0.121455902,0.0078125,1
0.13432471,0.023290094,1
0.172439503,1.007254464,1
0.176208003,1.20140439,1
0.173898441,0.791259766,1
0.16874112,0.812544389,1
0.171986256,0.92961238,1
0.179266248,1.379975818,1
0.176609384,1.205166903,1
0.179049873,1.56419837,1
0.16656152,0.512288411,1
0.174173273,1.246279762,1
0.17342767,0.944260817,1
0.170398548,1.116465693,1
0.1646239,0.806387442,1
0.180879713,0.984863281,1
0.176861856,1.237150493,1
0.175052299,1.158156622,1
0.170190098,0.357384315,1
0.179392258,0.591227214,1
0.168136269,0.809814453,1
0.16994319,0.834263393,1
0.173242103,0.37995515,1
0.172076791,0.838357677,1
0.179889196,0.963948568,1
0.177195443,1.038004557,1
0.17837518,0.498259171,1
0.180848857,0.866827714,1
0.176195335,0.354447798,1
0.177797924,1.022135417,1
0.173525518,0.524236506,1
0.169198882,0.503336589,1
0.169465911,0.559285482,1
0.171662378,0.931980299,1
0.169204466,0.585725204,1
0.170500169,0.944380327,1
0.167382343,0.703125,1
0.172461065,1.372767857,1
0.173861302,0.520907315,1
0.177655417,0.715997869,1
0.174179819,1.110491071,1
0.166422105,1.001464844,1
0.173183639,1.137491862,1
0.172260377,0.930175781,1
0.177547911,1.015625,1
0.172729707,1.076416016,1
0.172704126,0.793340774,1
0.174672402,1.466619318,1
0.170904281,1.289699389,1
0.172119568,0.489366319,1
0.17405192,0.781656901,1
0.175361287,0.906982422,1
0.173037855,1.182803199,1
0.170781834,0.985351563,1
0.189334115,0.476392663,1
0.197148103,0.486450195,1
0.205176521,0.405273438,1
0.210029435,0.46105018,1
0.196623439,0.522460938,1
0.202836708,0.810546875,1
0.201203572,0.538330078,1
0.216258075,0.740559896,1
0.193888966,0.549422554,1
0.193070343,0.532769097,1
0.207916135,0.455367477,1
0.209003648,0.476597377,1
0.194306326,0.494717685,1
0.202860506,0.501302083,1
0.199042986,0.409592849,1
0.217799975,0.517781576,1
0.184984087,0.419311523,1
0.198857768,0.419921875,1
0.21124792,0.411783854,1
0.2104984,0.433304398,1
0.178193999,0.327929688,1
0.192281047,0.483022837,1
0.206107101,0.367838542,1
0.209337467,0.470252404,1
0.192486881,0.42734375,1
0.206474196,0.367382813,1
0.209656214,0.359375,1
0.229854476,0.394422743,1
0.19535984,0.36722819,1
0.205074383,0.448467548,1
0.212271472,0.400578425,1
0.208893602,0.419546274,1
0.185940217,0.330810547,1
0.198637527,0.516854745,1
0.195145685,0.422551082,1
0.217378344,0.554402669,1
0.197523357,0.465901693,1
0.193757149,0.454101563,1
0.196158955,0.442708333,1
0.223723844,0.479454627,1
0.192752288,0.469637784,1
0.201243319,0.528846154,1
0.200066259,0.44453125,1
0.21978716,0.462351832,1
0.197637611,0.461425781,1
0.205813435,0.451171875,1
0.187973152,0.360281808,1
0.209162508,0.429492188,1
0.18974869,0.442911784,1
0.199317114,0.4609375,1
0.194847675,0.44151893,1
0.212806221,0.491420201,1
0.162152344,0.24395978,1
0.162246938,0.235640914,1
0.15925081,0.315504808,1
0.165500593,0.291160301,1
0.158539556,0.545789931,1
0.155110263,0.693547175,1
0.163556552,0.668073382,1
0.160150247,0.699688947,1
0.161652754,0.59516059,1
0.164150259,0.454289363,1
0.161119887,0.812355324,1
0.157945981,0.376164363,1
0.16397663,0.177770544,1
0.161113749,0.177471454,1
0.161155533,0.17578125,1
0.157410486,0.186132813,1
0.162167585,0.284517728,1
0.16381372,0.196533203,1
0.154163337,0.180288462,1
0.159099209,0.287304688,1
0.155964202,0.303485577,1
0.160722933,0.214257813,1
0.161414457,0.187800481,1
0.161496104,0.270905671,1
0.168130903,0.21465595,1
0.16233609,0.177589699,1
0.16015518,0.196940104,1
0.163945656,0.176532452,1
0.158527251,0.17183744,1
0.166737617,0.174153646,1
0.16081668,0.169020433,1
0.157323854,0.218036358,1
0.164310868,0.229130498,1
0.159183719,0.176478795,1
0.151818514,0.184100116,1
0.160953635,0.756460337,1
0.162708821,0.759089543,1
0.163728076,0.69281684,1
0.1622738,0.867874711,1
0.160761109,0.806835938,1
0.163120938,0.819769965,1
0.157325711,0.584671586,1
0.154647747,0.62890625,1
0.158369018,0.443584736,1
0.162061474,0.823748553,1
0.158406438,0.170717593,1
0.160267623,0.247757523,1
0.16162899,0.211275541,1
0.1637182,0.187813895,1
0.163140494,0.172776442,1
0.20928496,1.289300537,1
0.214301349,1.688871397,1
0.216332054,1.776678146,1
0.211399572,1.749256089,1
0.223077359,1.133598915,1
0.207958855,1.732494696,1
0.217027262,1.340775373,1
0.202575245,2.190405273,1
0.20982249,1.41177063,1
0.212287516,1.351664708,1
0.190512348,0.488985656,1
0.206927544,0.76014459,1
0.182237848,0.845108696,1
0.180979303,0.354910714,1
0.21232618,0.685132576,1
0.19338875,0.595578457,1
0.199862954,0.720588235,1
0.207560875,0.70014881,1
0.200819859,1.01953125,1
0.206207149,1.11328125,1
0.129773971,0.661328125,1
0.121837064,0.577864583,1
0.120183123,0.334263393,1
0.132017462,0.751302083,1
0.134625552,0.423639113,1
0.114476673,0.566840278,1
0.112769241,0.877604167,1
0.126438849,0.614109848,1
0.117349503,0.188720703,1
0.10479308,0.297952586,1
0.127633058,0.634014423,1
0.09124998,0.767314189,1
0.082403761,0.328962054,1
0.124694755,0.293526786,1
0.131565985,0.214725379,1
0.108888455,0.497721354,1
0.090444809,0.735452586,1
0.13750733,0.354366987,1
0.11314773,0.622488839,1
0.149730926,1.361213235,1
0.189613974,1.370192308,1
0.200096968,0.71875,1
0.178572503,0.637920673,1
0.201805872,0.59375,1
0.203626695,0.875558036,1
0.18366726,0.5503125,1
0.168794368,0.98828125,1
0.151770962,0.766741071,1
0.170655914,0.4140625,1
0.146023363,0.533854167,1
0.131883734,0.832899306,1
0.116220922,0.909855769,1
0.142056256,0.494270833,1
0.143658745,0.791360294,1
0.165508946,0.227022059,1